0 1.000000000 0.000000000 -0.000000000 0.000000000 -0.000000000 1.000000000 -0.000000000 0.000000000 0.000000000 -0.000000000 1.000000000 0.000000000 0.000000000 0.000000000 0.000000000 1.000000000
1 0.999998898 0.000513179 0.001393116 0.017922790 -0.000512367 0.999999699 -0.000582825 0.004876125 -0.001393415 0.000582111 0.999998860 1.690380941 0.000000000 0.000000000 0.000000000 1.000000000
2 0.999995692 0.000641221 0.002864325 0.036697548 -0.000640220 0.999999734 -0.000350321 0.007934543 -0.002864550 0.000348485 0.999995836 3.237729259 0.000000000 0.000000000 0.000000000 1.000000000
3 0.999989699 0.001070204 0.004411005 0.057370242 -0.001073731 0.999999106 0.000797143 0.016430844 -0.004410149 -0.000801871 0.999989954 4.781817917 0.000000000 0.000000000 0.000000000 1.000000000
4 0.999976196 0.001847300 0.006647921 0.070483464 -0.001853322 0.999997878 0.000899832 0.024703635 -0.006646245 -0.000912132 0.999977497 6.470129763 0.000000000 0.000000000 0.000000000 1.000000000
5 0.999954636 0.002540420 0.009179945 0.088992072 -0.002544601 0.999996664 0.000443698 0.030926251 -0.009178788 -0.000467038 0.999957765 8.000605592 0.000000000 0.000000000 0.000000000 1.000000000
6 0.999919437 0.003152712 0.012295491 0.112312153 -0.003173628 0.999993550 0.001681856 0.036456727 -0.012290111 -0.001720742 0.999922993 9.683992757 0.000000000 0.000000000 0.000000000 1.000000000
7 0.999890030 0.002399643 0.014634533 0.140300079 -0.002440847 0.999993106 0.002798266 0.028161136 -0.014627719 -0.002833678 0.999888994 11.212181052 0.000000000 0.000000000 0.000000000 1.000000000
8 0.999862731 0.001729562 0.016478074 0.171432560 -0.001787746 0.999992218 0.003516852 0.016935684 -0.016471866 -0.003545827 0.999858042 12.739268772 0.000000000 0.000000000 0.000000000 1.000000000
9 0.999831396 0.000456133 0.018356801 0.204327964 -0.000524002 0.999993045 0.003692545 0.000664999 -0.018354992 -0.003701541 0.999824681 14.418047390 0.000000000 0.000000000 0.000000000 1.000000000
10 0.999798159 -0.000357531 0.020087661 0.240173872 0.000284963 0.999993424 0.003615302 -0.008097326 -0.020088824 -0.003608847 0.999791686 15.941279534 0.000000000 0.000000000 0.000000000 1.000000000
11 0.999761411 -0.000987956 0.021820755 0.277610511 0.000897065 0.999990883 0.004174776 -0.017795638 -0.021824683 -0.004154205 0.999753182 17.464669964 0.000000000 0.000000000 0.000000000 1.000000000
12 0.999721682 -0.001069672 0.023567220 0.326013127 0.001026358 0.999997762 0.001849930 -0.027480208 -0.023569148 -0.001825227 0.999720543 19.133251515 0.000000000 0.000000000 0.000000000 1.000000000
13 0.999681478 -0.000060227 0.025237656 0.376000702 0.000019459 0.999998695 0.001615600 -0.056245778 -0.025237723 -0.001614594 0.999680174 20.648032377 0.000000000 0.000000000 0.000000000 1.000000000
14 0.999634530 0.001116502 0.027010374 0.431881327 -0.001202995 0.999994201 0.003186151 -0.071835602 -0.027006663 -0.003217480 0.999630076 22.313460319 0.000000000 0.000000000 0.000000000 1.000000000
15 0.999600386 0.001026979 0.028249144 0.485675707 -0.001127014 0.999993150 0.003525477 -0.084537148 -0.028245333 -0.003555905 0.999594696 23.822864434 0.000000000 0.000000000 0.000000000 1.000000000
16 0.999568769 0.000886553 0.029351159 0.539337366 -0.000941067 0.999997858 0.001843526 -0.094288338 -0.029349465 -0.001870352 0.999567462 25.325332591 0.000000000 0.000000000 0.000000000 1.000000000
17 0.999535728 0.000377679 0.030466148 0.601148076 -0.000359348 0.999999751 -0.000607153 -0.111447512 -0.030466373 0.000595922 0.999535615 26.972597474 0.000000000 0.000000000 0.000000000 1.000000000
18 0.999507111 -0.000100302 0.031393062 0.659503513 0.000126388 0.999999648 -0.000828943 -0.127099533 -0.031392972 0.000832502 0.999506773 28.471792732 0.000000000 0.000000000 0.000000000 1.000000000
19 0.999485274 0.000211780 0.032080231 0.709716512 -0.000234589 0.999999722 0.000707243 -0.146574547 -0.032080076 -0.000714405 0.999485047 30.123223848 0.000000000 0.000000000 0.000000000 1.000000000
20 0.999458630 -0.000208183 0.032899894 0.752441096 0.000099698 0.999994553 0.003299051 -0.148643210 -0.032900406 -0.003293984 0.999453207 31.621877536 0.000000000 0.000000000 0.000000000 1.000000000
21 0.999424783 -0.000358854 0.033911256 0.801125355 0.000188043 0.999987281 0.005040039 -0.151005428 -0.033912638 -0.005030763 0.999412140 33.113154031 0.000000000 0.000000000 0.000000000 1.000000000
22 0.999396028 -0.000976181 0.034736516 0.848209206 0.000823608 0.999989953 0.004406326 -0.152245314 -0.034740473 -0.004375055 0.999386791 34.749148309 0.000000000 0.000000000 0.000000000 1.000000000
23 0.999365941 -0.001781770 0.035560385 0.899590783 0.001667073 0.999993313 0.003254830 -0.147330094 -0.035565951 -0.003193484 0.999362229 36.225315571 0.000000000 0.000000000 0.000000000 1.000000000
24 0.999340275 -0.001050174 0.036303047 0.951237454 0.000979575 0.999997595 0.001962444 -0.148465642 -0.036305024 -0.001925588 0.999338900 37.700571418 0.000000000 0.000000000 0.000000000 1.000000000
25 0.999300261 -0.000657360 0.037397266 1.015201786 0.000643567 0.999999720 0.000380873 -0.154636234 -0.037397510 -0.000356539 0.999300405 39.316609883 0.000000000 0.000000000 0.000000000 1.000000000
26 0.999225487 0.001065578 0.039335622 1.068298095 -0.001039531 0.999999227 -0.000682624 -0.152871742 -0.039336323 0.000641205 0.999225822 40.778145237 0.000000000 0.000000000 0.000000000 1.000000000
27 0.999109087 0.002202761 0.042144755 1.139776776 -0.002171153 0.999997326 -0.000795750 -0.159818784 -0.042146400 0.000703538 0.999111198 42.381716305 0.000000000 0.000000000 0.000000000 1.000000000
28 0.999012988 0.002667271 0.044338866 1.218380853 -0.002647283 0.999996366 -0.000509532 -0.175325967 -0.044340069 0.000391651 0.999016419 43.827468336 0.000000000 0.000000000 0.000000000 1.000000000
29 0.998941925 0.002816475 0.045903142 1.301121620 -0.002838997 0.999995880 0.000425437 -0.194830737 -0.045901760 -0.000555306 0.998945805 45.270922136 0.000000000 0.000000000 0.000000000 1.000000000
30 0.998846790 0.003168221 0.047906695 1.394874198 -0.003244465 0.999993591 0.001513818 -0.215924510 -0.047901597 -0.001667504 0.998850668 46.853554238 0.000000000 0.000000000 0.000000000 1.000000000
31 0.998731431 0.003167359 0.050254321 1.481238034 -0.003307130 0.999990891 0.002698349 -0.228188311 -0.050245322 -0.002861123 0.998732808 48.289657483 0.000000000 0.000000000 0.000000000 1.000000000
32 0.998591118 0.003593256 0.052942107 1.569465746 -0.003788933 0.999986356 0.003596140 -0.237864682 -0.052928469 -0.003791668 0.998591108 49.722537374 0.000000000 0.000000000 0.000000000 1.000000000
33 0.998436437 0.003610886 0.055782099 1.675859105 -0.003787125 0.999988165 0.003054004 -0.247667830 -0.055770417 -0.003260482 0.998438296 51.285244422 0.000000000 0.000000000 0.000000000 1.000000000
34 0.998311250 0.003880831 0.057961935 1.768271098 -0.004021780 0.999989232 0.002315271 -0.253465052 -0.057952332 -0.002544472 0.998316109 52.706902191 0.000000000 0.000000000 0.000000000 1.000000000
35 0.998188253 0.002827311 0.060101733 1.884222938 -0.002935379 0.999994230 0.001709867 -0.254706993 -0.060096559 -0.001883190 0.998190792 54.263200793 0.000000000 0.000000000 0.000000000 1.000000000
36 0.998087464 0.002212112 0.061777987 1.988271298 -0.002294645 0.999996567 0.001265037 -0.252468721 -0.061774984 -0.001404377 0.998089114 55.679233003 0.000000000 0.000000000 0.000000000 1.000000000
37 0.997993739 0.002771131 0.063252020 2.092863974 -0.002805727 0.999995959 0.000458134 -0.251384272 -0.063250502 -0.000634683 0.997997481 57.094315944 0.000000000 0.000000000 0.000000000 1.000000000
38 0.997871335 0.003360213 0.065126855 2.208424647 -0.003330410 0.999994294 -0.000566183 -0.250314639 -0.065128394 0.000348079 0.997876832 58.649847861 0.000000000 0.000000000 0.000000000 1.000000000
39 0.997748604 0.004456693 0.066916816 2.310952243 -0.004356478 0.999989160 -0.001643471 -0.235558922 -0.066923423 0.001348249 0.997757204 60.057167616 0.000000000 0.000000000 0.000000000 1.000000000
40 0.997619411 0.005050032 0.068775056 2.421056143 -0.005023925 0.999987227 -0.000552585 -0.225973010 -0.068776976 0.000205748 0.997632039 61.610347546 0.000000000 0.000000000 0.000000000 1.000000000
41 0.997526134 0.004255290 0.070167684 2.525252964 -0.004371799 0.999989308 0.001506924 -0.210366525 -0.070160530 -0.001809955 0.997534072 63.020632867 0.000000000 0.000000000 0.000000000 1.000000000
42 0.997430330 0.002959548 0.071581961 2.633015470 -0.003148144 0.999991864 0.002521990 -0.194327500 -0.071573923 -0.002740860 0.997431532 64.430285934 0.000000000 0.000000000 0.000000000 1.000000000
43 0.997301478 0.002906808 0.073357427 2.749251961 -0.003024534 0.999994310 0.001493781 -0.176043893 -0.073352676 -0.001711623 0.997304595 65.978439258 0.000000000 0.000000000 0.000000000 1.000000000
44 0.997117844 0.003742179 0.075775989 2.853497360 -0.003790249 0.999992697 0.000490561 -0.158495415 -0.075773609 -0.000776357 0.997124746 67.386298047 0.000000000 0.000000000 0.000000000 1.000000000
45 0.996870899 0.005600108 0.078848266 2.955851720 -0.005634513 0.999984103 0.000213848 -0.140788034 -0.078845824 -0.000657450 0.996886606 68.795750103 0.000000000 0.000000000 0.000000000 1.000000000
46 0.996589533 0.006584787 0.082255349 3.069856041 -0.006551348 0.999978311 -0.000676447 -0.129517712 -0.082258029 0.000135256 0.996611057 70.346103739 0.000000000 0.000000000 0.000000000 1.000000000
47 0.996368618 0.006978513 0.084857980 3.186616259 -0.006863275 0.999975087 -0.001649680 -0.115482010 -0.084867388 0.001061285 0.996391691 71.752207474 0.000000000 0.000000000 0.000000000 1.000000000
48 0.996163126 0.007002196 0.087235284 3.313331173 -0.006770905 0.999972735 -0.002946977 -0.106044819 -0.087253552 0.002345007 0.996183377 73.308676776 0.000000000 0.000000000 0.000000000 1.000000000
49 0.995981819 0.006380335 0.089328086 3.435393260 -0.006190689 0.999977958 -0.002399936 -0.106044872 -0.089341440 0.001837290 0.995999364 74.725694925 0.000000000 0.000000000 0.000000000 1.000000000
50 0.995819225 0.005677377 0.091169275 3.559462164 -0.005567437 0.999983436 -0.001460178 -0.099114639 -0.091176065 0.000946494 0.995834339 76.137868092 0.000000000 0.000000000 0.000000000 1.000000000
51 0.995633276 0.004731663 0.093230838 3.702659937 -0.004689181 0.999988778 -0.000674735 -0.099021156 -0.093232995 0.000234611 0.995644291 77.689019361 0.000000000 0.000000000 0.000000000 1.000000000
52 0.995491165 0.003873816 0.094775169 3.835377707 -0.003834106 0.999992469 -0.000601100 -0.100992268 -0.094776795 0.000235011 0.995498521 79.097432529 0.000000000 0.000000000 0.000000000 1.000000000
53 0.995345862 0.003642653 0.096298210 3.977576666 -0.003500014 0.999992513 -0.001650107 -0.097229968 -0.096303511 0.001305382 0.995351160 80.496370518 0.000000000 0.000000000 0.000000000 1.000000000
54 0.995225299 0.003741237 0.097532595 4.135492851 -0.003589363 0.999992057 -0.001732581 -0.092283901 -0.097538314 0.001374228 0.995230823 82.032959941 0.000000000 0.000000000 0.000000000 1.000000000
55 0.995108972 0.003850538 0.098708188 4.278760176 -0.003891325 0.999992404 0.000220679 -0.088864068 -0.098706600 -0.000603706 0.995116397 83.429050943 0.000000000 0.000000000 0.000000000 1.000000000
56 0.994978906 0.003635720 0.100018785 4.439539136 -0.003983372 0.999986699 0.003276374 -0.081353103 -0.100005555 -0.003658335 0.994980154 84.959597758 0.000000000 0.000000000 0.000000000 1.000000000
57 0.994863388 0.002847993 0.101186596 4.589978015 -0.003333353 0.999983735 0.004627925 -0.076447033 -0.101171781 -0.004941443 0.994856700 86.346819069 0.000000000 0.000000000 0.000000000 1.000000000
58 0.994773006 0.002578966 0.102078475 4.739828340 -0.003014449 0.999987002 0.004112126 -0.071633871 -0.102066555 -0.004398342 0.994767849 87.730570136 0.000000000 0.000000000 0.000000000 1.000000000
59 0.994642916 0.002151929 0.103348133 4.908677160 -0.002373640 0.999995138 0.002022336 -0.059309853 -0.103343291 -0.002256814 0.994643188 89.244851747 0.000000000 0.000000000 0.000000000 1.000000000
60 0.994536150 0.003219347 0.104343088 5.064029264 -0.003257935 0.999994673 0.000199381 -0.046151857 -0.104341903 -0.000538235 0.994541341 90.618217001 0.000000000 0.000000000 0.000000000 1.000000000
61 0.994420824 0.003871536 0.105414589 5.225631232 -0.003763973 0.999992173 -0.001219310 -0.032852522 -0.105418496 0.000815729 0.994427613 91.988443086 0.000000000 0.000000000 0.000000000 1.000000000
62 0.994297696 0.004710685 0.106535911 5.403344258 -0.004353633 0.999984101 -0.003583800 -0.031517285 -0.106551112 0.003099545 0.994302396 93.494289382 0.000000000 0.000000000 0.000000000 1.000000000
63 0.994205468 0.004317408 0.107409710 5.572635963 -0.003803893 0.999980338 -0.004985331 -0.034554912 -0.107429134 0.004547867 0.994202343 94.860199256 0.000000000 0.000000000 0.000000000 1.000000000
64 0.994127524 0.004102701 0.108137100 5.753798787 -0.003505826 0.999977557 -0.005709156 -0.045008921 -0.108158108 0.005296518 0.994119596 96.360265190 0.000000000 0.000000000 0.000000000 1.000000000
65 0.994033713 0.003743256 0.109009008 5.924204583 -0.003261608 0.999984117 -0.004596396 -0.062767902 -0.109024495 0.004213426 0.994030134 97.720406568 0.000000000 0.000000000 0.000000000 1.000000000
66 0.993839563 0.004623376 0.110731862 6.086886197 -0.004290258 0.999985527 -0.003246418 -0.062872341 -0.110745282 0.002751350 0.993845015 99.075583537 0.000000000 0.000000000 0.000000000 1.000000000
67 0.993499128 0.004837464 0.113736892 6.267870062 -0.004631466 0.999987121 -0.002075363 -0.055234842 -0.113745480 0.001535102 0.993508737 100.560065892 0.000000000 0.000000000 0.000000000 1.000000000
68 0.993224750 0.004751493 0.116112091 6.438788914 -0.004584901 0.999988041 -0.001701802 -0.042865738 -0.116118802 0.001157909 0.993234657 101.901382574 0.000000000 0.000000000 0.000000000 1.000000000
69 0.993058306 0.002859943 0.117588352 6.629847750 -0.002659049 0.999994725 -0.001865302 -0.031421506 -0.117593080 0.001539680 0.993060672 103.366234273 0.000000000 0.000000000 0.000000000 1.000000000
70 0.992985778 0.001863302 0.118219165 6.801756801 -0.001692533 0.999997374 -0.001544899 -0.027038601 -0.118221747 0.001333973 0.992986325 104.688255676 0.000000000 0.000000000 0.000000000 1.000000000
71 0.992868695 0.001408511 0.119204734 6.973020038 -0.001246126 0.999998191 -0.001436768 -0.021830548 -0.119206557 0.001277978 0.992868655 105.997912056 0.000000000 0.000000000 0.000000000 1.000000000
72 0.992719437 0.001936053 0.120434090 7.158954694 -0.001813621 0.999997721 -0.001126196 -0.019279211 -0.120436010 0.000899575 0.992720686 107.421601508 0.000000000 0.000000000 0.000000000 1.000000000
73 0.992596308 0.003562885 0.121407882 7.324097622 -0.003406881 0.999993083 -0.001492525 -0.022088544 -0.121412374 0.001067852 0.992601580 108.701069739 0.000000000 0.000000000 0.000000000 1.000000000
74 0.992444212 0.004272749 0.122622293 7.489841672 -0.004084210 0.999990059 -0.001788890 -0.018016162 -0.122628732 0.001274557 0.992451798 109.961330857 0.000000000 0.000000000 0.000000000 1.000000000
75 0.992166064 0.005536733 0.124803219 7.668460666 -0.005410846 0.999984453 -0.001347644 -0.027211644 -0.124808755 0.000661795 0.992180598 111.332879310 0.000000000 0.000000000 0.000000000 1.000000000
76 0.991895333 0.005645161 0.126932182 7.832042423 -0.005670522 0.999983909 -0.000161560 -0.039429698 -0.126931066 -0.000559521 0.991911384 112.561204627 0.000000000 0.000000000 0.000000000 1.000000000
77 0.991680106 0.003867529 0.128668594 8.013415019 -0.004247745 0.999987385 0.002680706 -0.043843415 -0.128656618 -0.003204954 0.991684025 113.892362404 0.000000000 0.000000000 0.000000000 1.000000000
78 0.991495391 0.002205460 0.130123110 8.179093179 -0.002729937 0.999988853 0.003852382 -0.041604068 -0.130113178 -0.004174847 0.991490360 115.081774500 0.000000000 0.000000000 0.000000000 1.000000000
79 0.991316181 0.000840631 0.131497223 8.343959863 -0.001127412 0.999997146 0.002106453 -0.037273631 -0.131495093 -0.002236413 0.991314300 116.253216069 0.000000000 0.000000000 0.000000000 1.000000000
80 0.991143920 0.001057538 0.132787836 8.523389296 -0.001053541 0.999999440 -0.000100365 -0.031998613 -0.132787883 -0.000040422 0.991144479 117.519175479 0.000000000 0.000000000 0.000000000 1.000000000
81 0.990913868 0.001471215 0.134489921 8.684984227 -0.001323895 0.999998422 -0.001184828 -0.033278421 -0.134491468 0.000996011 0.990914252 118.653904715 0.000000000 0.000000000 0.000000000 1.000000000
82 0.990697379 0.002299592 0.136064003 8.845406629 -0.002089744 0.999996397 -0.001685098 -0.036400852 -0.136067404 0.001385083 0.990698615 119.773647008 0.000000000 0.000000000 0.000000000 1.000000000
83 0.990460877 0.002896636 0.137763775 9.020808770 -0.002590066 0.999993755 -0.002404548 -0.044065936 -0.137769896 0.002024793 0.990462194 120.983495010 0.000000000 0.000000000 0.000000000 1.000000000
84 0.990261763 0.002883750 0.139188082 9.179981834 -0.002520222 0.999992938 -0.002787961 -0.052514623 -0.139195155 0.002410025 0.990262038 122.066874428 0.000000000 0.000000000 0.000000000 1.000000000
85 0.990070403 0.003217869 0.140535548 9.352798135 -0.002846813 0.999991911 -0.002841261 -0.062972541 -0.140543570 0.002412969 0.990071555 123.245901454 0.000000000 0.000000000 0.000000000 1.000000000
86 0.989887464 0.002583705 0.141831346 9.512860191 -0.002178467 0.999993090 -0.003012386 -0.059376369 -0.141838165 0.002672947 0.989886252 124.303298307 0.000000000 0.000000000 0.000000000 1.000000000
87 0.989746446 0.002462818 0.142814233 9.671883111 -0.001975713 0.999991738 -0.003552468 -0.055404706 -0.142821819 0.003233882 0.989743135 125.348082911 0.000000000 0.000000000 0.000000000 1.000000000
88 0.989562449 0.002322042 0.144085963 9.845500314 -0.001927501 0.999994002 -0.002877770 -0.067043417 -0.144091798 0.002570006 0.989560989 126.490585578 0.000000000 0.000000000 0.000000000 1.000000000
89 0.989414943 0.002306326 0.145095653 10.005007950 -0.002096953 0.999996528 -0.001595925 -0.069933691 -0.145098847 0.001274773 0.989416344 127.519053090 0.000000000 0.000000000 0.000000000 1.000000000
90 0.989231529 0.002511683 0.146337523 10.180013815 -0.002451118 0.999996819 -0.000594186 -0.061782418 -0.146338567 0.000229096 0.989234539 128.639220385 0.000000000 0.000000000 0.000000000 1.000000000
91 0.989077270 0.003251982 0.147362060 10.342427364 -0.003221547 0.999994712 -0.000445210 -0.049305041 -0.147362746 -0.000034388 0.989082516 129.648311625 0.000000000 0.000000000 0.000000000 1.000000000
92 0.988938342 0.003550573 0.148284679 10.503673344 -0.003485453 0.999993681 -0.000699021 -0.038395062 -0.148286241 0.000174449 0.988944469 130.647120877 0.000000000 0.000000000 0.000000000 1.000000000
93 0.988773538 0.003161365 0.149388396 10.681364234 -0.002901073 0.999993871 -0.001960276 -0.012740829 -0.149393695 0.001504881 0.988776649 131.736469939 0.000000000 0.000000000 0.000000000 1.000000000
94 0.988637374 0.003033736 0.150289507 10.837416791 -0.002571530 0.999991348 -0.003269692 0.008142904 -0.150298144 0.002846065 0.988636622 132.724007726 0.000000000 0.000000000 0.000000000 1.000000000
95 0.988457290 0.002843432 0.151473093 11.015463046 -0.002336784 0.999991065 -0.003522710 0.022718390 -0.151481774 0.003128087 0.988455103 133.806677365 0.000000000 0.000000000 0.000000000 1.000000000
96 0.988333866 0.002602254 0.152280641 11.178202671 -0.002094633 0.999991703 -0.003493787 0.030680669 -0.152288487 0.003134055 0.988331117 134.786743834 0.000000000 0.000000000 0.000000000 1.000000000
97 0.988199273 0.001861698 0.153162423 11.341966054 -0.001344437 0.999993039 -0.003480712 0.036117924 -0.153167855 0.003233719 0.988194897 135.763281659 0.000000000 0.000000000 0.000000000 1.000000000
98 0.988069717 0.001411654 0.154000773 11.521407084 -0.000802737 0.999991613 -0.004016100 0.042968866 -0.154005169 0.003844564 0.988062564 136.833052113 0.000000000 0.000000000 0.000000000 1.000000000
99 0.987948746 0.001567577 0.154773428 11.683114871 -0.000799964 0.999987071 -0.005021752 0.044007281 -0.154779317 0.004837419 0.987937227 137.802268261 0.000000000 0.000000000 0.000000000 1.000000000
100 0.987802250 0.001631164 0.155705012 11.863227365 -0.000771207 0.999984116 -0.005583240 0.052585785 -0.155711665 0.005395055 0.987787818 138.861158519 0.000000000 0.000000000 0.000000000 1.000000000
101 0.987708635 0.001452125 0.156299521 12.026112664 -0.000567702 0.999983577 -0.005703003 0.060159591 -0.156305253 0.005544172 0.987693238 139.820513175 0.000000000 0.000000000 0.000000000 1.000000000
102 0.987627202 0.001466261 0.156813126 12.190308878 -0.000579401 0.999983581 -0.005701084 0.061678362 -0.156818929 0.005539686 0.987611836 140.775993755 0.000000000 0.000000000 0.000000000 1.000000000
103 0.987556231 0.002394366 0.157248067 12.366532870 -0.001384046 0.999977694 -0.006534193 0.053340917 -0.157260223 0.006235243 0.987537517 141.820922625 0.000000000 0.000000000 0.000000000 1.000000000
104 0.987449050 0.002731119 0.157914255 12.526400612 -0.001662328 0.999974814 -0.006899863 0.036417894 -0.157929141 0.006550757 0.987428720 142.765744424 0.000000000 0.000000000 0.000000000 1.000000000
105 0.987380671 0.003053581 0.158335352 12.700442040 -0.002169939 0.999981095 -0.005753408 0.033641552 -0.158349946 0.005337224 0.987368630 143.792305547 0.000000000 0.000000000 0.000000000 1.000000000
106 0.987231151 0.003324327 0.159259534 12.858676888 -0.002815678 0.999990190 -0.003419388 0.031151767 -0.159269358 0.002927302 0.987230827 144.715909447 0.000000000 0.000000000 0.000000000 1.000000000
107 0.987065981 0.003110848 0.160284336 13.015412207 -0.002798986 0.999993725 -0.002171429 0.025534465 -0.160290104 0.001694709 0.987068495 145.628790306 0.000000000 0.000000000 0.000000000 1.000000000
108 0.986884682 0.001998758 0.161414452 13.190286482 -0.001846455 0.999997697 -0.001093554 0.015254988 -0.161416285 0.000781166 0.986886101 146.620109642 0.000000000 0.000000000 0.000000000 1.000000000
109 0.986694763 0.001061331 0.162580182 13.347833125 -0.000978424 0.999999347 -0.000590015 0.006015087 -0.162580721 0.000423091 0.986695157 147.506301700 0.000000000 0.000000000 0.000000000 1.000000000
110 0.986476602 0.000096711 0.163902110 13.522511378 -0.000132612 0.999999970 0.000208095 0.005994529 -0.163902104 -0.000227017 0.986476585 148.463059006 0.000000000 0.000000000 0.000000000 1.000000000
111 0.986284882 -0.000900820 0.165049434 13.677112983 0.000959535 0.999999502 -0.000276013 0.002869647 -0.165049123 0.000430597 0.986285255 149.317913974 0.000000000 0.000000000 0.000000000 1.000000000
112 0.986108792 -0.001513518 0.166093817 13.829249289 0.001567956 0.999998751 -0.000196626 -0.002297498 -0.166093331 0.000454321 0.986109934 150.158962426 0.000000000 0.000000000 0.000000000 1.000000000
113 0.985916560 -0.002988171 0.167211253 13.994080967 0.002995126 0.999995492 0.000210595 -0.007031210 -0.167211148 0.000293189 0.985921067 151.066979260 0.000000000 0.000000000 0.000000000 1.000000000
114 0.985803122 -0.003368210 0.167871545 14.137714620 0.003327402 0.999994327 0.000524378 -0.014539396 -0.167872379 0.000041641 0.985808737 151.877104397 0.000000000 0.000000000 0.000000000 1.000000000
115 0.985650113 -0.003153996 0.168771752 14.289821764 0.003045899 0.999994957 0.000899384 -0.024778454 -0.168773757 -0.000372417 0.985654749 152.750249385 0.000000000 0.000000000 0.000000000 1.000000000
116 0.985526651 -0.002630302 0.169500144 14.424668883 0.002540774 0.999996495 0.000745090 -0.030864271 -0.169501529 -0.000303645 0.985529879 153.524000079 0.000000000 0.000000000 0.000000000 1.000000000
117 0.985408809 -0.002608362 0.170184231 14.556792430 0.002581794 0.999996596 0.000377423 -0.037711328 -0.170184656 0.000067464 0.985412189 154.279672393 0.000000000 0.000000000 0.000000000 1.000000000
118 0.985288816 -0.001851519 0.170887439 14.698927353 0.001851148 0.999998274 0.000161512 -0.044771695 -0.170887463 0.000157201 0.985290543 155.085098852 0.000000000 0.000000000 0.000000000 1.000000000
119 0.985138646 -0.001349548 0.171755710 14.823209662 0.001385674 0.999999036 -0.000090441 -0.057224713 -0.171755443 0.000327094 0.985139566 155.803752888 0.000000000 0.000000000 0.000000000 1.000000000
120 0.984981969 -0.000581817 0.172656243 14.957305304 0.000647476 0.999999738 -0.000323969 -0.067298869 -0.172656030 0.000430894 0.984982088 156.568511115 0.000000000 0.000000000 0.000000000 1.000000000
121 0.984839794 -0.000673552 0.173465048 15.072946409 0.000742737 0.999999668 -0.000333925 -0.083024927 -0.173464786 0.000457701 0.984839968 157.247234009 0.000000000 0.000000000 0.000000000 1.000000000
122 0.984716462 -0.000424484 0.174164594 15.187323760 0.000452497 0.999999890 -0.000121134 -0.095183040 -0.174164544 0.000198090 0.984716546 157.902396391 0.000000000 0.000000000 0.000000000 1.000000000
123 0.984534895 -0.000666357 0.175187310 15.307390573 0.000594146 0.999999716 0.000464642 -0.110278136 -0.175187590 -0.000353371 0.984535011 158.604162914 0.000000000 0.000000000 0.000000000 1.000000000
124 0.984357245 0.000242476 0.176183856 15.412786561 -0.000338413 0.999999810 0.000514485 -0.124625035 -0.176183719 -0.000566061 0.984357141 159.221405942 0.000000000 0.000000000 0.000000000 1.000000000
125 0.984045816 -0.000387814 0.177914807 15.527885389 0.000204947 0.999999432 0.001046210 -0.150501002 -0.177915132 -0.000993056 0.984045336 159.881180290 0.000000000 0.000000000 0.000000000 1.000000000
126 0.983817711 -0.000531009 0.179171496 15.631830158 0.000304690 0.999999121 0.001290658 -0.166997744 -0.179172045 -0.001215181 0.983817008 160.456996032 0.000000000 0.000000000 0.000000000 1.000000000
127 0.983560620 0.000179176 0.180578158 15.743414217 -0.000330741 0.999999618 0.000809222 -0.186311387 -0.180577965 -0.000855644 0.983560303 161.076816764 0.000000000 0.000000000 0.000000000 1.000000000
128 0.983349131 0.001449438 0.181720616 15.843049052 -0.001464916 0.999998926 -0.000049050 -0.200027169 -0.181720513 -0.000217973 0.983350198 161.626526658 0.000000000 0.000000000 0.000000000 1.000000000
129 0.983118070 0.001466311 0.182966406 15.944570736 -0.001242325 0.999998332 -0.001338808 -0.215255875 -0.182968085 0.001088901 0.983118252 162.168087881 0.000000000 0.000000000 0.000000000 1.000000000
130 0.982913035 0.000832550 0.184068649 16.059688548 -0.000266982 0.999995168 -0.003097353 -0.227228657 -0.184070360 0.002995285 0.982908508 162.756601363 0.000000000 0.000000000 0.000000000 1.000000000
131 0.982720311 0.000920458 0.185094406 16.165210957 -0.000191606 0.999992158 -0.003955580 -0.235021494 -0.185096617 0.003851763 0.982712781 163.288062196 0.000000000 0.000000000 0.000000000 1.000000000
132 0.982442101 0.001079280 0.186564600 16.280594670 -0.000302756 0.999991173 -0.004190669 -0.238713493 -0.186567498 0.004060605 0.982433756 163.872180663 0.000000000 0.000000000 0.000000000 1.000000000
133 0.982218616 0.001920078 0.187730924 16.383974877 -0.001048374 0.999988204 -0.004742552 -0.241638262 -0.187737838 0.004461409 0.982209043 164.399448406 0.000000000 0.000000000 0.000000000 1.000000000
134 0.982050244 0.002246713 0.188606116 16.485849565 -0.001298776 0.999985898 -0.005149451 -0.254512310 -0.188615048 0.004812061 0.982039313 164.929288047 0.000000000 0.000000000 0.000000000 1.000000000
135 0.981838648 0.002339724 0.189703428 16.599708489 -0.001409260 0.999986308 -0.005039586 -0.261477388 -0.189712644 0.004680718 0.981828502 165.504659214 0.000000000 0.000000000 0.000000000 1.000000000
136 0.981620410 0.002230486 0.190830793 16.703740935 -0.001261785 0.999985696 -0.005197594 -0.265759091 -0.190839678 0.004861275 0.981609184 166.025059705 0.000000000 0.000000000 0.000000000 1.000000000
137 0.981432983 0.002711503 0.191786190 16.818020076 -0.001598700 0.999980980 -0.005956816 -0.271347465 -0.191798717 0.005539606 0.981418652 166.591247423 0.000000000 0.000000000 0.000000000 1.000000000
138 0.981276170 0.003452837 0.192575055 16.919989250 -0.002371121 0.999980093 -0.005847305 -0.280337313 -0.192591433 0.005281200 0.981264823 167.107314277 0.000000000 0.000000000 0.000000000 1.000000000
139 0.981089231 0.003403820 0.193526047 17.022781429 -0.002300521 0.999979798 -0.005925486 -0.289351869 -0.193542329 0.005368218 0.981077241 167.620579515 0.000000000 0.000000000 0.000000000 1.000000000
140 0.980903193 0.002880361 0.194475255 17.136045017 -0.001611425 0.999976371 -0.006682813 -0.296519253 -0.194489931 0.006241809 0.980884657 168.183244160 0.000000000 0.000000000 0.000000000 1.000000000
141 0.980740022 0.002497554 0.195301731 17.239891245 -0.001101251 0.999973056 -0.007257725 -0.301271119 -0.195314618 0.006902863 0.980716348 168.691650426 0.000000000 0.000000000 0.000000000 1.000000000
142 0.980557497 0.002676210 0.196213729 17.351846557 -0.001268426 0.999972550 -0.007300060 -0.309297493 -0.196227903 0.006909245 0.980533976 169.250547761 0.000000000 0.000000000 0.000000000 1.000000000
143 0.980398294 0.003157577 0.197000531 17.451893912 -0.001768087 0.999972309 -0.007228714 -0.322383466 -0.197017925 0.006738703 0.980376730 169.758602873 0.000000000 0.000000000 0.000000000 1.000000000
144 0.980262677 0.003294791 0.197672012 17.552462751 -0.001981579 0.999974638 -0.006840828 -0.335939612 -0.197689561 0.006314104 0.980244344 170.263124176 0.000000000 0.000000000 0.000000000 1.000000000
145 0.980141258 0.002673280 0.198282533 17.664876959 -0.001375176 0.999976715 -0.006684160 -0.352922474 -0.198295807 0.006278746 0.980122112 170.813823938 0.000000000 0.000000000 0.000000000 1.000000000
146 0.980050799 0.001465656 0.198741737 17.768723835 -0.000106910 0.999976551 -0.006847303 -0.366194444 -0.198747136 0.006689455 0.980027975 171.310249242 0.000000000 0.000000000 0.000000000 1.000000000
147 0.979965612 0.000753818 0.199165323 17.882727694 0.000625451 0.999976259 -0.006862241 -0.380968158 -0.199165791 0.006849327 0.979941876 171.853461623 0.000000000 0.000000000 0.000000000 1.000000000
148 0.979858703 0.001010439 0.199689501 17.983644894 0.000402909 0.999975159 -0.007036968 -0.392187155 -0.199691675 0.006975689 0.979833955 172.343990903 0.000000000 0.000000000 0.000000000 1.000000000
149 0.979817343 0.001581966 0.199888636 18.082048469 -0.000176461 0.999975140 -0.007049059 -0.404588105 -0.199894841 0.006871516 0.979793264 172.836824821 0.000000000 0.000000000 0.000000000 1.000000000
150 0.979769795 0.001041022 0.200125111 18.192073829 0.000422573 0.999973480 -0.007270549 -0.414800092 -0.200127396 0.007208030 0.979743372 173.372354058 0.000000000 0.000000000 0.000000000 1.000000000
151 0.979706320 0.000228149 0.200438195 18.292035264 0.001173868 0.999975672 -0.006875881 -0.423302399 -0.200434910 0.006971631 0.979682218 173.859743973 0.000000000 0.000000000 0.000000000 1.000000000
152 0.979645832 0.000167825 0.200733683 18.403033649 0.001118621 0.999979559 -0.006295278 -0.424793367 -0.200730660 0.006391686 0.979625619 174.389609807 0.000000000 0.000000000 0.000000000 1.000000000
153 0.979575470 -0.000379950 0.201076475 18.503838368 0.001665412 0.999979245 -0.006223776 -0.432745028 -0.201069961 0.006431532 0.979555772 174.871269650 0.000000000 0.000000000 0.000000000 1.000000000
154 0.979526663 -0.000342808 0.201314166 18.604211431 0.001712972 0.999976541 -0.006631933 -0.440360215 -0.201307194 0.006840999 0.979504272 175.348315384 0.000000000 0.000000000 0.000000000 1.000000000
155 0.979450591 -0.000377659 0.201683891 18.714743550 0.001789791 0.999975146 -0.006819392 -0.446429979 -0.201676326 0.007040227 0.979426924 175.871602025 0.000000000 0.000000000 0.000000000 1.000000000
156 0.979481591 -0.000273992 0.201533455 18.815746261 0.001759245 0.999972599 -0.007190689 -0.451597653 -0.201525986 0.007397692 0.979455234 176.344261498 0.000000000 0.000000000 0.000000000 1.000000000
157 0.979628464 -0.000367875 0.200818157 18.926739151 0.002073795 0.999963532 -0.008284546 -0.461540141 -0.200807809 0.008532231 0.979593502 176.865881956 0.000000000 0.000000000 0.000000000 1.000000000
158 0.979714145 -0.000832752 0.200398344 19.026855896 0.002741449 0.999953486 -0.009247200 -0.470311471 -0.200381346 0.009608992 0.979670857 177.339753321 0.000000000 0.000000000 0.000000000 1.000000000
159 0.979796812 -0.000866830 0.199993628 19.136494830 0.002757582 0.999954100 -0.009175690 -0.479830760 -0.199976518 0.009541808 0.979754230 177.860981252 0.000000000 0.000000000 0.000000000 1.000000000
160 0.979879012 -0.000307519 0.199592140 19.235297227 0.002238917 0.999952831 -0.009451092 -0.488519588 -0.199579843 0.009707795 0.979833481 178.334439281 0.000000000 0.000000000 0.000000000 1.000000000
161 0.979935563 0.000542382 0.199313805 19.334418937 0.001518921 0.999946938 -0.010188947 -0.496287988 -0.199308778 0.010287251 0.979882742 178.808253470 0.000000000 0.000000000 0.000000000 1.000000000
162 0.979882654 0.000612328 0.199573556 19.446567738 0.001656564 0.999935889 -0.011201522 -0.509408002 -0.199567644 0.011306782 0.979818819 179.331135279 0.000000000 0.000000000 0.000000000 1.000000000
163 0.979854057 0.000359196 0.199714529 19.549231220 0.002018945 0.999929469 -0.011703917 -0.521297686 -0.199704670 0.011871341 0.979784222 179.808881035 0.000000000 0.000000000 0.000000000 1.000000000
164 0.979874313 -0.000181156 0.199615363 19.664520468 0.002589753 0.999926963 -0.011805150 -0.535595279 -0.199598668 0.012084515 0.979803215 180.338644011 0.000000000 0.000000000 0.000000000 1.000000000
165 0.979843378 -0.000322009 0.199766978 19.768849983 0.002701650 0.999928608 -0.011639597 -0.550312921 -0.199748991 0.011944680 0.979774295 180.822042215 0.000000000 0.000000000 0.000000000 1.000000000
166 0.979802618 -0.000077453 0.199967042 19.873007468 0.002584155 0.999921325 -0.012274598 -0.569593562 -0.199950382 0.012543427 0.979725733 181.308265617 0.000000000 0.000000000 0.000000000 1.000000000
167 0.979768772 -0.000536576 0.200132108 19.987998700 0.003148951 0.999913946 -0.012735160 -0.586156665 -0.200108076 0.013107716 0.979686149 181.846693925 0.000000000 0.000000000 0.000000000 1.000000000
168 0.979774108 -0.000106965 0.200106674 20.089740992 0.002677195 0.999917363 -0.012573745 -0.604840802 -0.200088816 0.012855152 0.979693429 182.346542072 0.000000000 0.000000000 0.000000000 1.000000000
169 0.979742597 -0.000041121 0.200260922 20.204625768 0.002609838 0.999917678 -0.012562869 -0.619357513 -0.200243943 0.012831024 0.979662050 182.894414352 0.000000000 0.000000000 0.000000000 1.000000000
170 0.979685570 -0.000010826 0.200539720 20.309765446 0.002636667 0.999914257 -0.012826784 -0.633813269 -0.200522410 0.013094969 0.979601598 183.395292750 0.000000000 0.000000000 0.000000000 1.000000000
171 0.979663373 0.000631261 0.200647133 20.414374135 0.001858069 0.999923632 -0.012217941 -0.639856180 -0.200639546 0.012342283 0.979587385 183.896655944 0.000000000 0.000000000 0.000000000 1.000000000
172 0.979664681 0.000226622 0.200641613 20.527842017 0.002066245 0.999934939 -0.011218182 -0.653118549 -0.200631125 0.011404629 0.979600475 184.452806047 0.000000000 0.000000000 0.000000000 1.000000000
173 0.979636135 -0.000090193 0.200781049 20.631046804 0.002237866 0.999942688 -0.010469643 -0.666793023 -0.200768620 0.010705759 0.979580192 184.956133454 0.000000000 0.000000000 0.000000000 1.000000000
174 0.979570889 -0.000339062 0.201098864 20.744191137 0.002359416 0.999949127 -0.009806966 -0.680319616 -0.201085332 0.010081092 0.979521856 185.507149925 0.000000000 0.000000000 0.000000000 1.000000000
175 0.979571110 -0.000091765 0.201098054 20.846645554 0.002057387 0.999952133 -0.009565460 -0.691391472 -0.201087574 0.009783783 0.979524410 186.003782757 0.000000000 0.000000000 0.000000000 1.000000000
176 0.979559958 0.000566026 0.201151595 20.948476717 0.001374083 0.999953880 -0.009505251 -0.702375700 -0.201147722 0.009587360 0.979514003 186.497676194 0.000000000 0.000000000 0.000000000 1.000000000
177 0.979443708 0.001446518 0.201712483 21.057000427 0.000397423 0.999958509 -0.009100636 -0.721452184 -0.201717302 0.008993723 0.979402495 187.044775662 0.000000000 0.000000000 0.000000000 1.000000000
178 0.979258451 0.002237565 0.202602752 21.156813840 -0.000376341 0.999957381 -0.009224626 -0.736731466 -0.202614782 0.008957043 0.979217558 187.535815166 0.000000000 0.000000000 0.000000000 1.000000000
179 0.979001933 0.002574075 0.203834696 21.268518543 -0.000572173 0.999951033 -0.009879533 -0.749953860 -0.203850170 0.009555451 0.978955467 188.071889648 0.000000000 0.000000000 0.000000000 1.000000000
180 0.978788455 0.002902425 0.204852950 21.371610950 -0.000806948 0.999946505 -0.010311980 -0.756500306 -0.204871945 0.009927939 0.978738437 188.554356562 0.000000000 0.000000000 0.000000000 1.000000000
181 0.978578233 0.002670160 0.205857977 21.472458832 -0.000508203 0.999944172 -0.010554339 -0.769251442 -0.205874691 0.010223627 0.978524958 189.036390589 0.000000000 0.000000000 0.000000000 1.000000000
182 0.978287369 0.003334732 0.207226200 21.583827090 -0.000800483 0.999923884 -0.012312036 -0.783203353 -0.207251509 0.011878826 0.978215575 189.560878165 0.000000000 0.000000000 0.000000000 1.000000000
183 0.978047705 0.004831150 0.208325087 21.683803594 -0.001859012 0.999893717 -0.014460258 -0.797743912 -0.208372830 0.013755540 0.977952736 190.033372948 0.000000000 0.000000000 0.000000000 1.000000000
184 0.977820507 0.005810330 0.209364015 21.795027172 -0.002664044 0.999879297 -0.015306706 -0.809218666 -0.209427705 0.014409453 0.977717960 190.550251263 0.000000000 0.000000000 0.000000000 1.000000000
185 0.977553341 0.005807605 0.210608003 21.896578755 -0.002659621 0.999880521 -0.015227297 -0.819943345 -0.210671299 0.014325354 0.977451990 191.019187623 0.000000000 0.000000000 0.000000000 1.000000000
186 0.977313390 0.005186843 0.211734807 21.999238230 -0.002284721 0.999900101 -0.013948759 -0.830303229 -0.211786030 0.013148552 0.977227608 191.487471361 0.000000000 0.000000000 0.000000000 1.000000000
187 0.977086667 0.004011122 0.212804020 22.110070562 -0.001433723 0.999923760 -0.012264548 -0.846266797 -0.212837016 0.011678422 0.977017924 192.003232610 0.000000000 0.000000000 0.000000000 1.000000000
188 0.976846380 0.002448157 0.213927908 22.213339093 -0.000292684 0.999948882 -0.010106792 -0.859784575 -0.213941741 0.009810168 0.976797163 192.466293011 0.000000000 0.000000000 0.000000000 1.000000000
189 0.976566079 0.001466647 0.215212772 22.324119179 0.000211342 0.999969762 -0.007773668 -0.874949758 -0.215217691 0.007636982 0.976536240 192.973029270 0.000000000 0.000000000 0.000000000 1.000000000
190 0.976336158 0.001740363 0.216251408 22.423616790 -0.000272768 0.999976732 -0.006816186 -0.884836419 -0.216258264 0.006595900 0.976313916 193.426394926 0.000000000 0.000000000 0.000000000 1.000000000
191 0.976162409 0.002504501 0.217026892 22.530313064 -0.001012034 0.999975073 -0.006987749 -0.898049081 -0.217039009 0.006601537 0.976140612 193.920534830 0.000000000 0.000000000 0.000000000 1.000000000
192 0.975975433 0.002129121 0.217870181 22.629755566 -0.000567620 0.999973706 -0.007229450 -0.907229117 -0.217879870 0.006932096 0.975950979 194.362377968 0.000000000 0.000000000 0.000000000 1.000000000
193 0.975771523 0.000890138 0.218790167 22.730371580 0.000709041 0.999973608 -0.007230569 -0.916886680 -0.218790855 0.007210513 0.975745139 194.797586310 0.000000000 0.000000000 0.000000000 1.000000000
194 0.975605973 -0.000300176 0.219528787 22.840281435 0.001842314 0.999975046 -0.006820078 -0.927242780 -0.219521288 0.007058148 0.975582181 195.267262638 0.000000000 0.000000000 0.000000000 1.000000000
195 0.975454369 -0.000807272 0.220200173 22.937968718 0.002333241 0.999975034 -0.006669925 -0.937814686 -0.220189317 0.007019986 0.975431899 195.685892545 0.000000000 0.000000000 0.000000000 1.000000000
196 0.975226162 -0.001479148 0.221205199 23.040676647 0.002817850 0.999979576 -0.005736408 -0.952886247 -0.221192222 0.006217617 0.975210412 196.138705459 0.000000000 0.000000000 0.000000000 1.000000000
197 0.975031216 -0.001262728 0.222064239 23.132299487 0.002360889 0.999986262 -0.004679862 -0.963432414 -0.222055305 0.005087278 0.975020803 196.540630669 0.000000000 0.000000000 0.000000000 1.000000000
