0 1.000000000 0.000000000 -0.000000000 0.000000000 -0.000000000 1.000000000 -0.000000000 0.000000000 0.000000000 0.000000000 1.000000000 0.000000000 0.000000000 0.000000000 0.000000000 1.000000000
1 0.999990579 0.000479079 0.004314105 0.018385081 -0.000474964 0.999999431 -0.000954887 0.005423028 -0.004314561 0.000952829 0.999990238 1.191718473 0.000000000 0.000000000 0.000000000 1.000000000
2 0.999962991 -0.000901531 0.008555962 0.043701139 0.000918815 0.999997545 -0.002016378 0.009605732 -0.008554124 0.002024164 0.999961364 2.381817402 0.000000000 0.000000000 0.000000000 1.000000000
3 0.999916051 -0.001892463 0.012818356 0.089066295 0.001934875 0.999992693 -0.003297097 0.010888427 -0.012812024 0.003321622 0.999912406 3.686848248 0.000000000 0.000000000 0.000000000 1.000000000
4 0.999851272 -0.002845425 0.017009930 0.142728911 0.002899983 0.999990727 -0.003183586 0.009901488 -0.017000715 0.003232440 0.999850252 4.875782131 0.000000000 0.000000000 0.000000000 1.000000000
5 0.999780119 -0.002281416 0.020844894 0.203905785 0.002317989 0.999995816 -0.001730545 0.007070483 -0.020840861 0.001778483 0.999781224 6.064452269 0.000000000 0.000000000 0.000000000 1.000000000
6 0.999677245 -0.000203982 0.025404003 0.266433050 0.000200895 0.999999972 0.000124078 0.006067444 -0.025404031 -0.000118935 0.999677259 7.372337251 0.000000000 0.000000000 0.000000000 1.000000000
7 0.999563597 0.002571779 0.029427900 0.333484130 -0.002595356 0.999996341 0.000762981 0.006538039 -0.029425834 -0.000839024 0.999566614 8.566168055 0.000000000 0.000000000 0.000000000 1.000000000
8 0.999441783 0.004387314 0.033119071 0.398128637 -0.004376668 0.999990345 -0.000393978 0.010111995 -0.033120484 0.000248807 0.999451335 9.756449881 0.000000000 0.000000000 0.000000000 1.000000000
9 0.999304519 0.007065251 0.036613655 0.474579882 -0.007008917 0.999974048 -0.001666786 0.012610382 -0.036624486 0.001409005 0.999328105 11.066608176 0.000000000 0.000000000 0.000000000 1.000000000
10 0.999221143 0.005437535 0.039083758 0.549507972 -0.005275119 0.999977023 -0.004257523 0.012508983 -0.039106015 0.004048035 0.999226868 12.256445718 0.000000000 0.000000000 0.000000000 1.000000000
11 0.999126835 0.004763948 0.041507504 0.635842113 -0.004430636 0.999957229 -0.008118489 0.010879943 -0.041544410 0.007927494 0.999105208 13.564415196 0.000000000 0.000000000 0.000000000 1.000000000
12 0.999024478 0.001255338 0.044142008 0.718643225 -0.000907795 0.999968442 -0.007892463 0.006498716 -0.044150528 0.007844691 0.998994090 14.755132406 0.000000000 0.000000000 0.000000000 1.000000000
13 0.998932106 -0.001239541 0.046185610 0.802128026 0.001527027 0.999979677 -0.006189805 0.002770413 -0.046177005 0.006253721 0.998913698 15.946420538 0.000000000 0.000000000 0.000000000 1.000000000
14 0.998789054 -0.004228072 0.049015802 0.899249702 0.004395829 0.999984843 -0.003315197 0.000348783 -0.049001048 0.003526646 0.998792501 17.258033146 0.000000000 0.000000000 0.000000000 1.000000000
15 0.998626344 -0.003803124 0.052258595 0.985013338 0.003901519 0.999990803 -0.001780941 0.000556091 -0.052251348 0.001982382 0.998631998 18.447477819 0.000000000 0.000000000 0.000000000 1.000000000
16 0.998401584 -0.005589420 0.056240860 1.078435027 0.005701057 0.999982084 -0.001824709 0.001173503 -0.056229660 0.002142424 0.998415563 19.634349342 0.000000000 0.000000000 0.000000000 1.000000000
17 0.998181446 -0.004928559 0.060079190 1.171807161 0.005146239 0.999980741 -0.003469008 0.002862136 -0.060060943 0.003771880 0.998187586 20.818578219 0.000000000 0.000000000 0.000000000 1.000000000
18 0.997913618 -0.005021203 0.064367675 1.281061470 0.005267531 0.999979437 -0.003657744 0.003840724 -0.064347993 0.003989170 0.997919547 22.121576633 0.000000000 0.000000000 0.000000000 1.000000000
19 0.997659562 -0.006306155 0.068085464 1.385793729 0.006439796 0.999977744 -0.001743520 0.005989058 -0.068072962 0.002177896 0.997677969 23.306399116 0.000000000 0.000000000 0.000000000 1.000000000
20 0.997362663 -0.006462080 0.072290800 1.505593959 0.006404010 0.999978958 0.001035051 0.010286106 -0.072295976 -0.000569371 0.997383060 24.608699230 0.000000000 0.000000000 0.000000000 1.000000000
21 0.997122388 -0.007402007 0.075446357 1.615760687 0.007384975 0.999972603 0.000504755 0.015162840 -0.075448035 0.000053867 0.997149734 25.788246401 0.000000000 0.000000000 0.000000000 1.000000000
22 0.996934719 -0.008219129 0.077804956 1.726675091 0.008376846 0.999963467 -0.001700892 0.021722652 -0.077788143 0.002347438 0.996967148 26.969156990 0.000000000 0.000000000 0.000000000 1.000000000
23 0.996809879 -0.007983587 0.079412384 1.848297663 0.008251019 0.999961339 -0.003040032 0.027121220 -0.079385052 0.003685566 0.996837214 28.270986324 0.000000000 0.000000000 0.000000000 1.000000000
24 0.996748058 -0.007471020 0.080233976 1.960514777 0.007749518 0.999964978 -0.003160215 0.029850166 -0.080207565 0.003771712 0.996771048 29.451406444 0.000000000 0.000000000 0.000000000 1.000000000
25 0.996697291 -0.004957489 0.081055114 2.066481083 0.005423474 0.999970003 -0.005529830 0.029203100 -0.081025278 0.005951166 0.996694281 30.627196521 0.000000000 0.000000000 0.000000000 1.000000000
26 0.996596351 -0.003771068 0.082349807 2.177565310 0.004509943 0.999951213 -0.008788215 0.026422747 -0.082312658 0.009129694 0.996564737 31.909087619 0.000000000 0.000000000 0.000000000 1.000000000
27 0.996479189 -0.006263680 0.083606163 2.280719989 0.006919927 0.999947466 -0.007561771 0.024175129 -0.083554416 0.008113694 0.996470184 33.075032360 0.000000000 0.000000000 0.000000000 1.000000000
28 0.996428224 -0.006423738 0.084199340 2.388590808 0.006755578 0.999970495 -0.003656778 0.020065866 -0.084173375 0.004212531 0.996442220 34.243298884 0.000000000 0.000000000 0.000000000 1.000000000
29 0.996332134 -0.009366463 0.085056138 2.511497830 0.009388863 0.999955914 0.000136694 0.021468671 -0.085053679 0.000662387 0.996376151 35.523772066 0.000000000 0.000000000 0.000000000 1.000000000
30 0.996204289 -0.011836939 0.086237468 2.626699659 0.011804768 0.999929931 0.000883053 0.025173714 -0.086241888 0.000138312 0.996274219 36.682896769 0.000000000 0.000000000 0.000000000 1.000000000
31 0.996077113 -0.010218096 0.087897517 2.738622707 0.010195481 0.999947775 0.000706273 0.029876290 -0.087900153 0.000192655 0.996129272 37.838635756 0.000000000 0.000000000 0.000000000 1.000000000
32 0.996004502 -0.007771917 0.088964194 2.860995176 0.007752936 0.999969789 0.000558926 0.033429161 -0.088965861 0.000133040 0.996034668 39.105457189 0.000000000 0.000000000 0.000000000 1.000000000
33 0.995919474 -0.007611177 0.089924804 2.976660204 0.007687326 0.999970327 -0.000500473 0.036945255 -0.089918337 0.001189712 0.995948432 40.253797301 0.000000000 0.000000000 0.000000000 1.000000000
34 0.995796592 -0.006360286 0.091371180 3.091081733 0.006511358 0.999977882 -0.001355363 0.041683510 -0.091360550 0.001944615 0.995815982 41.397974088 0.000000000 0.000000000 0.000000000 1.000000000
35 0.995618571 -0.005347154 0.093354529 3.214474692 0.005396920 0.999985397 -0.000280621 0.047876797 -0.093351677 0.000783218 0.995632890 42.658602417 0.000000000 0.000000000 0.000000000 1.000000000
36 0.995398475 -0.003886294 0.095743259 3.325638289 0.003743983 0.999991604 0.001665989 0.053261831 -0.095748940 -0.001299862 0.995404667 43.793138315 0.000000000 0.000000000 0.000000000 1.000000000
37 0.995118164 -0.003904680 0.098613350 3.449401118 0.003766603 0.999991648 0.001586331 0.060152094 -0.098618732 -0.001207150 0.995124560 44.929420188 0.000000000 0.000000000 0.000000000 1.000000000
38 0.994780254 -0.003521833 0.101979610 3.599327691 0.003525220 0.999993776 0.000147021 0.070932131 -0.101979505 0.000213247 0.994786478 46.185874970 0.000000000 0.000000000 0.000000000 1.000000000
39 0.994441941 -0.003181060 0.105238325 3.738231360 0.003189641 0.999994909 0.000086770 0.078878374 -0.105238078 0.000249384 0.994447025 47.322506020 0.000000000 0.000000000 0.000000000 1.000000000
40 0.994099966 -0.002171909 0.108446017 3.893870293 0.002053049 0.999997163 0.001207681 0.087457371 -0.108448345 -0.000977911 0.994101605 48.571295884 0.000000000 0.000000000 0.000000000 1.000000000
41 0.993737415 -0.002130183 0.111720235 4.038380407 0.002025824 0.999997399 0.001047628 0.093254721 -0.111722189 -0.000814742 0.993739146 49.700259813 0.000000000 0.000000000 0.000000000 1.000000000
42 0.993369709 -0.000679050 0.114961548 4.184748615 0.000660234 0.999999762 0.000201743 0.099066060 -0.114961671 -0.000124504 0.993369921 50.824224751 0.000000000 0.000000000 0.000000000 1.000000000
43 0.992958863 -0.000910710 0.118456177 4.353650330 0.000938577 0.999999543 -0.000179456 0.105128402 -0.118455973 0.000289372 0.992959264 52.056347539 0.000000000 0.000000000 0.000000000 1.000000000
44 0.992572285 -0.001485214 0.121647239 4.511135322 0.001562392 0.999998634 -0.000539061 0.109111836 -0.121646286 0.000725117 0.992573250 53.172574351 0.000000000 0.000000000 0.000000000 1.000000000
45 0.992188921 -0.001736767 0.124732221 4.667649820 0.002047685 0.999995108 -0.002364515 0.111355460 -0.124727519 0.002601457 0.992187624 54.277881019 0.000000000 0.000000000 0.000000000 1.000000000
46 0.991744726 -0.001591302 0.128218030 4.840548971 0.002236766 0.999985541 -0.004890268 0.113643586 -0.128208409 0.005136690 0.991733946 55.490475308 0.000000000 0.000000000 0.000000000 1.000000000
47 0.991300567 -0.001177182 0.131612298 4.992484313 0.001886040 0.999984380 -0.005261427 0.116603212 -0.131604064 0.005463881 0.991287304 56.594053142 0.000000000 0.000000000 0.000000000 1.000000000
48 0.990826884 0.000037901 0.135137272 5.151183430 0.000478162 0.999992717 -0.003786350 0.117500661 -0.135136447 0.003816233 0.990819650 57.692682866 0.000000000 0.000000000 0.000000000 1.000000000
49 0.990212625 -0.000308682 0.139566682 5.333960934 0.000905526 0.999990716 -0.004212923 0.117977701 -0.139564102 0.004298069 0.990203712 58.893571180 0.000000000 0.000000000 0.000000000 1.000000000
50 0.989657567 0.000298336 0.143449670 5.502866689 0.000225313 0.999993371 -0.003634144 0.122351041 -0.143449820 0.003628878 0.989650940 59.985361785 0.000000000 0.000000000 0.000000000 1.000000000
51 0.989010226 0.000749103 0.147845217 5.673644890 -0.000459761 0.999997912 -0.001991227 0.125769605 -0.147846418 0.001901370 0.989008506 61.074721687 0.000000000 0.000000000 0.000000000 1.000000000
52 0.988212728 0.000354771 0.153086497 5.869686732 -0.000000725 0.999997326 -0.002312775 0.130172027 -0.153086926 0.002285402 0.988210086 62.257335851 0.000000000 0.000000000 0.000000000 1.000000000
53 0.987398022 0.001643552 0.158248041 6.048780689 -0.001284005 0.999996357 -0.002374266 0.138988201 -0.158251385 0.002141154 0.987396535 63.334394182 0.000000000 0.000000000 0.000000000 1.000000000
54 0.986499183 0.001018998 0.163763000 6.232702267 -0.000760575 0.999998365 -0.001640722 0.146736508 -0.163764423 0.001494015 0.986498345 64.410432177 0.000000000 0.000000000 0.000000000 1.000000000
55 0.985544366 0.000287204 0.169417285 6.458453772 -0.000013130 0.999998690 -0.001618868 0.151951869 -0.169417548 0.001593241 0.985543079 65.593189194 0.000000000 0.000000000 0.000000000 1.000000000
56 0.984658315 -0.000023886 0.174493546 6.669574529 0.000229156 0.999999305 -0.001156233 0.159032521 -0.174493417 0.001178480 0.984657637 66.664204967 0.000000000 0.000000000 0.000000000 1.000000000
57 0.983725228 0.000419173 0.179678868 6.893177989 -0.000269945 0.999999598 -0.000854978 0.166114510 -0.179679175 0.000792559 0.983724946 67.741550844 0.000000000 0.000000000 0.000000000 1.000000000
58 0.982589673 -0.001154686 0.185785352 7.146215705 0.001801737 0.999992886 -0.003313985 0.172413988 -0.185780226 0.003591022 0.982584763 68.915747534 0.000000000 0.000000000 0.000000000 1.000000000
59 0.981549007 0.001257315 0.191206593 7.372825201 -0.000577408 0.999993312 -0.003611555 0.177166913 -0.191209878 0.003434512 0.981543168 69.972769913 0.000000000 0.000000000 0.000000000 1.000000000
60 0.980365355 0.001458772 0.197184272 7.628813919 -0.001134088 0.999997809 -0.001759516 0.178463175 -0.197186430 0.001501343 0.980364862 71.122823567 0.000000000 0.000000000 0.000000000 1.000000000
61 0.979298351 0.002281698 0.202409308 7.864182598 -0.002326094 0.999997294 -0.000018536 0.181704796 -0.202408827 -0.000452672 0.979301009 72.157142372 0.000000000 0.000000000 0.000000000 1.000000000
62 0.978138591 0.002649600 0.207937183 8.105008987 -0.003008227 0.999994483 0.001408484 0.186221451 -0.207932328 -0.002003216 0.978141165 73.185953818 0.000000000 0.000000000 0.000000000 1.000000000
63 0.977030448 0.001291582 0.213095823 8.376225100 -0.001776249 0.999996253 0.002082967 0.191057898 -0.213092359 -0.002413634 0.977029082 74.303018608 0.000000000 0.000000000 0.000000000 1.000000000
64 0.976190576 0.000170690 0.216914554 8.622024492 -0.000560686 0.999998335 0.001736381 0.194972257 -0.216913922 -0.001816660 0.976189047 75.301982740 0.000000000 0.000000000 0.000000000 1.000000000
65 0.975423407 -0.001293687 0.220334969 8.904603029 0.001422269 0.999998898 -0.000424938 0.201756739 -0.220334202 0.000727869 0.975424172 76.383295121 0.000000000 0.000000000 0.000000000 1.000000000
66 0.974719017 -0.003379164 0.223408623 9.155728215 0.003866228 0.999991007 -0.001742778 0.206351611 -0.223400751 0.002562466 0.974723317 77.346202565 0.000000000 0.000000000 0.000000000 1.000000000
67 0.974020259 -0.004480226 0.226416557 9.406440520 0.004661315 0.999989101 -0.000265163 0.210886007 -0.226412927 0.001313672 0.974030527 78.296753988 0.000000000 0.000000000 0.000000000 1.000000000
68 0.973354833 -0.005873055 0.229228858 9.650927819 0.005428921 0.999981966 0.002568106 0.214172837 -0.229239834 -0.001255214 0.973369164 79.227578446 0.000000000 0.000000000 0.000000000 1.000000000
69 0.972801819 -0.006242726 0.231554839 9.914058723 0.005397747 0.999976262 0.004282529 0.222623246 -0.231576104 -0.002916179 0.972812423 80.231251192 0.000000000 0.000000000 0.000000000 1.000000000
70 0.972311116 -0.007004331 0.233585160 10.143395798 0.006324450 0.999973304 0.003659534 0.229780223 -0.233604584 -0.002080909 0.972329458 81.127706349 0.000000000 0.000000000 0.000000000 1.000000000
71 0.971858350 -0.007510457 0.235446244 10.367750142 0.007166832 0.999971638 0.002315180 0.235904043 -0.235456982 -0.000562625 0.971884612 82.008966495 0.000000000 0.000000000 0.000000000 1.000000000
72 0.971439007 -0.007395413 0.237174105 10.612706049 0.007569197 0.999971337 0.000177886 0.247402834 -0.237168650 0.001622410 0.971467141 82.969646487 0.000000000 0.000000000 0.000000000 1.000000000
73 0.971125321 -0.007603599 0.238448714 10.836652362 0.008314513 0.999963482 -0.001975731 0.254710352 -0.238425011 0.003901266 0.971153078 83.831590513 0.000000000 0.000000000 0.000000000 1.000000000
74 0.970753048 -0.008738930 0.239921122 11.084695512 0.009946770 0.999943218 -0.003823849 0.263021689 -0.239874110 0.006098451 0.970784851 84.774144771 0.000000000 0.000000000 0.000000000 1.000000000
75 0.970443115 -0.010298244 0.241110138 11.310969891 0.011588874 0.999925103 -0.003935414 0.273762703 -0.241051580 0.006613288 0.970489777 85.623888671 0.000000000 0.000000000 0.000000000 1.000000000
76 0.970048053 -0.010450753 0.242688173 11.555595688 0.011036410 0.999938542 -0.001053760 0.289639975 -0.242662274 0.003700602 0.970103775 86.554660797 0.000000000 0.000000000 0.000000000 1.000000000
77 0.969649481 -0.008724881 0.244343514 11.771432156 0.008482549 0.999961933 0.002044055 0.299262367 -0.244352076 0.000090638 0.969686579 87.383413515 0.000000000 0.000000000 0.000000000 1.000000000
78 0.969239938 -0.007579214 0.246000995 11.970879192 0.006908134 0.999969691 0.003590824 0.318552333 -0.246020784 -0.001780963 0.969262921 88.206787927 0.000000000 0.000000000 0.000000000 1.000000000
79 0.968796922 -0.005223661 0.247800787 12.178126026 0.004923774 0.999986204 0.001829910 0.328420855 -0.247806956 -0.000552697 0.968809277 89.006239439 0.000000000 0.000000000 0.000000000 1.000000000
80 0.968250713 -0.003505193 0.249956521 12.409593718 0.003766242 0.999992747 -0.000566091 0.331485438 -0.249952754 0.001489514 0.968256893 89.871124258 0.000000000 0.000000000 0.000000000 1.000000000
81 0.967844087 -0.002929871 0.251533758 12.613812568 0.003333553 0.999993749 -0.001178792 0.337874686 -0.251528762 0.001979387 0.967847804 90.646221844 0.000000000 0.000000000 0.000000000 1.000000000
82 0.967466225 -0.002310922 0.252989633 12.824290560 0.002708803 0.999995582 -0.001224409 0.342117408 -0.252985715 0.001869872 0.967468211 91.402984655 0.000000000 0.000000000 0.000000000 1.000000000
83 0.967059511 -0.002128561 0.254541477 13.052375624 0.002565902 0.999995747 -0.001386133 0.349880135 -0.254537474 0.001993600 0.967060861 92.213867627 0.000000000 0.000000000 0.000000000 1.000000000
84 0.966652231 -0.003412153 0.256069937 13.258096992 0.003942007 0.999991020 -0.001555931 0.353594101 -0.256062358 0.002513472 0.966657002 92.936246650 0.000000000 0.000000000 0.000000000 1.000000000
85 0.966251807 -0.003815110 0.257571120 13.479464400 0.004248117 0.999990344 -0.001124649 0.358452787 -0.257564372 0.002180885 0.966258685 93.706990459 0.000000000 0.000000000 0.000000000 1.000000000
86 0.965842585 -0.003713806 0.259102877 13.675181419 0.004123383 0.999990961 -0.001037293 0.360120158 -0.259096713 0.002070240 0.965849168 94.385407202 0.000000000 0.000000000 0.000000000 1.000000000
87 0.965398115 -0.004330354 0.260744549 13.865278201 0.004648251 0.999989015 -0.000602523 0.359662704 -0.260739106 0.001793679 0.965407639 95.038809675 0.000000000 0.000000000 0.000000000 1.000000000
88 0.964990411 -0.004693819 0.262243145 14.068316051 0.004943451 0.999987738 -0.000292172 0.359728961 -0.262238589 0.001578328 0.965001782 95.739085725 0.000000000 0.000000000 0.000000000 1.000000000
89 0.964515439 -0.005091652 0.263977339 14.250580792 0.005258613 0.999986171 0.000074134 0.359923420 -0.263974096 0.001316650 0.964528875 96.360817689 0.000000000 0.000000000 0.000000000 1.000000000
90 0.964111256 -0.005421404 0.265443186 14.432073953 0.005517915 0.999984703 0.000382150 0.359606505 -0.265441229 0.001096256 0.964126424 96.963841267 0.000000000 0.000000000 0.000000000 1.000000000
91 0.963685758 -0.005376073 0.266984734 14.627342057 0.005552257 0.999984582 0.000094989 0.359556533 -0.266981159 0.001390827 0.963700750 97.603704749 0.000000000 0.000000000 0.000000000 1.000000000
92 0.963199464 -0.005089990 0.268739419 14.797707902 0.005262387 0.999986150 0.000078858 0.358097563 -0.268736130 0.001338254 0.963212910 98.167185471 0.000000000 0.000000000 0.000000000 1.000000000
93 0.962761582 -0.004778257 0.270309628 14.963374985 0.004921632 0.999987878 0.000147391 0.352993098 -0.270307087 0.001188460 0.962773429 98.713321370 0.000000000 0.000000000 0.000000000 1.000000000
94 0.962270170 -0.004366182 0.272060743 15.134127834 0.004330723 0.999990355 0.000730774 0.354628552 -0.272061342 0.000475016 0.962279798 99.301611939 0.000000000 0.000000000 0.000000000 1.000000000
95 0.961738671 -0.004298435 0.273934741 15.286496219 0.004344461 0.999990467 0.000438641 0.357900594 -0.273934047 0.000768239 0.961748178 99.820210773 0.000000000 0.000000000 0.000000000 1.000000000
96 0.961265526 -0.004225485 0.275591589 15.437658238 0.004271031 0.999990785 0.000434891 0.357730998 -0.275590919 0.000759013 0.961274715 100.320385109 0.000000000 0.000000000 0.000000000 1.000000000
97 0.960780995 -0.004438787 0.277272731 15.602463476 0.004410957 0.999990010 0.000724125 0.358677202 -0.277273208 0.000527311 0.960790976 100.851363281 0.000000000 0.000000000 0.000000000 1.000000000
98 0.960322620 -0.004099003 0.278861354 15.744941361 0.004011090 0.999991563 0.000885847 0.364249415 -0.278862665 0.000267838 0.960330960 101.319968728 0.000000000 0.000000000 0.000000000 1.000000000
99 0.959836086 -0.003662966 0.280537450 15.879457912 0.003653099 0.999993172 0.000558090 0.371013657 -0.280537612 0.000489155 0.959842914 101.775160149 0.000000000 0.000000000 0.000000000 1.000000000
100 0.959402732 -0.002803166 0.282025762 16.018142424 0.002969321 0.999995578 -0.000161760 0.379075799 -0.282024095 0.000992617 0.959406814 102.257712830 0.000000000 0.000000000 0.000000000 1.000000000
101 0.958987074 -0.001609636 0.283445216 16.137175669 0.001810253 0.999998262 -0.000445856 0.386913220 -0.283444039 0.000940676 0.958988322 102.678762221 0.000000000 0.000000000 0.000000000 1.000000000
102 0.958576982 -0.001160978 0.284831199 16.252204145 0.001327033 0.999999043 -0.000390008 0.394666404 -0.284830508 0.000751832 0.958577606 103.090760783 0.000000000 0.000000000 0.000000000 1.000000000
103 0.958153663 -0.001124382 0.286252134 16.375509221 0.001252336 0.999999181 -0.000263924 0.402290968 -0.286251636 0.000611362 0.958154287 103.528438056 0.000000000 0.000000000 0.000000000 1.000000000
104 0.957762229 -0.001634633 0.287556656 16.486274573 0.001718672 0.999998522 -0.000039811 0.407594444 -0.287556200 0.000532344 0.957763623 103.906757428 0.000000000 0.000000000 0.000000000 1.000000000
105 0.957437829 -0.001572670 0.288635270 16.601453593 0.001573825 0.999998736 0.000228067 0.413258553 -0.288635298 0.000235900 0.957439094 104.306657434 0.000000000 0.000000000 0.000000000 1.000000000
106 0.957294622 -0.001837807 0.289108318 16.706298138 0.001792507 0.999998305 0.000421458 0.414085988 -0.289108637 0.000114768 0.957296293 104.652737936 0.000000000 0.000000000 0.000000000 1.000000000
107 0.957249746 -0.001560963 0.289258495 16.806843311 0.001361081 0.999998676 0.000892163 0.417121716 -0.289259539 -0.000460320 0.957250603 104.987491701 0.000000000 0.000000000 0.000000000 1.000000000
108 0.957256253 -0.000993190 0.289239467 16.915371611 0.000697059 0.999999122 0.001126836 0.416296888 -0.289240366 -0.000877055 0.957256105 105.336214984 0.000000000 0.000000000 0.000000000 1.000000000
109 0.957286612 0.000022947 0.289140680 17.005757621 -0.000263449 0.999999651 0.000792866 0.414972766 -0.289140595 -0.000835175 0.957286284 105.635850519 0.000000000 0.000000000 0.000000000 1.000000000
110 0.957306993 0.000466482 0.289072817 17.099144867 -0.000572494 0.999999796 0.000282179 0.416269543 -0.289072660 -0.000435625 0.957307065 105.925313170 0.000000000 0.000000000 0.000000000 1.000000000
111 0.957361614 0.000333563 0.288892055 17.199944952 -0.000488661 0.999999773 0.000464747 0.419074479 -0.288891868 -0.000586102 0.957361559 106.230878210 0.000000000 0.000000000 0.000000000 1.000000000
112 0.957365308 -0.000278696 0.288879868 17.285692786 0.000149382 0.999999879 0.000469686 0.417752711 -0.288879998 -0.000406509 0.957365234 106.490367734 0.000000000 0.000000000 0.000000000 1.000000000
113 0.957343500 -0.000412172 0.288951973 17.367361639 0.000385615 0.999999915 0.000148833 0.416807746 -0.288952043 -0.000031062 0.957343578 106.739238508 0.000000000 0.000000000 0.000000000 1.000000000
114 0.957334828 -0.000969681 0.288979369 17.450669436 0.000924720 0.999999530 0.000292111 0.419753751 -0.288979551 -0.000012424 0.957335275 107.002267542 0.000000000 0.000000000 0.000000000 1.000000000
115 0.957347188 -0.000824024 0.288938875 17.521541819 0.000824395 0.999999653 0.000120412 0.422980937 -0.288938907 0.000122922 0.957347535 107.231309291 0.000000000 0.000000000 0.000000000 1.000000000
116 0.957323464 -0.001085765 0.289016602 17.596796468 0.001110887 0.999999380 0.000077111 0.426493689 -0.289016541 0.000247244 0.957324077 107.467533357 0.000000000 0.000000000 0.000000000 1.000000000
117 0.957284881 -0.001141991 0.289144154 17.655735045 0.001034312 0.999999327 0.000525204 0.428897540 -0.289144593 -0.000203706 0.957285419 107.675356993 0.000000000 0.000000000 0.000000000 1.000000000
118 0.957229049 -0.000764272 0.289330180 17.707414084 0.000663335 0.999999680 0.000446921 0.429395356 -0.289330463 -0.000235885 0.957229250 107.870037765 0.000000000 0.000000000 0.000000000 1.000000000
119 0.957218988 0.000050939 0.289364470 17.760189425 -0.000258793 0.999999735 0.000680049 0.428881532 -0.289364393 -0.000725843 0.957218748 108.069352747 0.000000000 0.000000000 0.000000000 1.000000000
120 0.957173124 -0.000172090 0.289516097 17.802299500 -0.000121496 0.999999497 0.000996085 0.428738716 -0.289516157 -0.000988602 0.957172622 108.238939607 0.000000000 0.000000000 0.000000000 1.000000000
121 0.957093567 -0.000547427 0.289778527 17.844559352 0.000306034 0.999999567 0.000878336 0.429830572 -0.289778917 -0.000751969 0.957093321 108.401075918 0.000000000 0.000000000 0.000000000 1.000000000
122 0.957108188 -0.001306087 0.289727803 17.889966060 0.001106880 0.999999025 0.000851428 0.429689792 -0.289728667 -0.000494216 0.957108701 108.570408876 0.000000000 0.000000000 0.000000000 1.000000000
123 0.957062824 -0.001754852 0.289875251 17.928066348 0.001575589 0.999998396 0.000851785 0.431171948 -0.289876314 -0.000358489 0.957064054 108.713231679 0.000000000 0.000000000 0.000000000 1.000000000
124 0.957036551 -0.002082520 0.289959812 17.961486233 0.002000201 0.999997831 0.000580254 0.434099615 -0.289960426 0.000024653 0.957038641 108.845414923 0.000000000 0.000000000 0.000000000 1.000000000
125 0.956992125 -0.002380528 0.290104112 17.993845716 0.002241800 0.999997159 0.000810526 0.437679263 -0.290105251 -0.000125313 0.956994743 108.981021329 0.000000000 0.000000000 0.000000000 1.000000000
126 0.956964347 -0.002232611 0.290196905 18.020764026 0.002008745 0.999997411 0.001069300 0.440223705 -0.290198575 -0.000440352 0.956966354 109.095858290 0.000000000 0.000000000 0.000000000 1.000000000
127 0.956981009 -0.002544578 0.290139386 18.045088806 0.002467273 0.999996756 0.000632237 0.440034882 -0.290140087 0.000110813 0.956984184 109.201894884 0.000000000 0.000000000 0.000000000 1.000000000
128 0.956999000 -0.002557156 0.290079928 18.073912048 0.002492070 0.999996719 0.000593767 0.441592858 -0.290080528 0.000154664 0.957002233 109.314759971 0.000000000 0.000000000 0.000000000 1.000000000
129 0.956960779 -0.002614838 0.290205479 18.097448898 0.002536266 0.999996574 0.000646860 0.440461152 -0.290206210 0.000117018 0.956964133 109.405378033 0.000000000 0.000000000 0.000000000 1.000000000
130 0.957016080 -0.002203142 0.290026479 18.122955883 0.002203978 0.999997519 0.000323744 0.439594714 -0.290026507 0.000329382 0.957018562 109.502618437 0.000000000 0.000000000 0.000000000 1.000000000
131 0.957026909 -0.002038383 0.289991950 18.144607525 0.002143049 0.999997703 -0.000043370 0.438925744 -0.289991229 0.000662972 0.957029079 109.584352170 0.000000000 0.000000000 0.000000000 1.000000000
132 0.957008732 -0.001881155 0.290052992 18.168711666 0.002059757 0.999997831 -0.000310475 0.439363383 -0.290051813 0.000894564 0.957010531 109.669057670 0.000000000 0.000000000 0.000000000 1.000000000
133 0.957035406 -0.002276595 0.289962134 18.196963385 0.002482652 0.999996859 -0.000342796 0.442394119 -0.289960477 0.001047941 0.957038053 109.761055486 0.000000000 0.000000000 0.000000000 1.000000000
134 0.957017938 -0.002506750 0.290017884 18.222982479 0.002640764 0.999996511 -0.000070743 0.446497084 -0.290016729 0.000833570 0.957021218 109.846432318 0.000000000 0.000000000 0.000000000 1.000000000
135 0.956984224 -0.002269136 0.290131067 18.250105278 0.002451959 0.999996958 -0.000266628 0.447169710 -0.290129613 0.000966547 0.956986877 109.928950906 0.000000000 0.000000000 0.000000000 1.000000000
136 0.957107031 -0.001572647 0.289730300 18.283202413 0.002109307 0.999996590 -0.001540018 0.434043928 -0.289726924 0.002085090 0.957107085 110.007630626 0.000000000 0.000000000 0.000000000 1.000000000
137 0.957094212 -0.000724453 0.289776008 18.307936107 0.001538684 0.999995483 -0.002582050 0.428246357 -0.289772863 0.002917137 0.957091003 110.081698436 0.000000000 0.000000000 0.000000000 1.000000000
138 0.956911113 -0.000872443 0.290379667 18.336382774 0.001670235 0.999995481 -0.002499579 0.424731045 -0.290376208 0.002876876 0.956908246 110.165902200 0.000000000 0.000000000 0.000000000 1.000000000
139 0.956775594 -0.000590918 0.290826585 18.359635225 0.001313138 0.999996520 -0.002288176 0.423973537 -0.290824255 0.002571165 0.956773041 110.245335796 0.000000000 0.000000000 0.000000000 1.000000000
140 0.956730189 -0.000367615 0.290976288 18.384682990 0.001240533 0.999995267 -0.002815494 0.425582361 -0.290973910 0.003054632 0.956726117 110.323017713 0.000000000 0.000000000 0.000000000 1.000000000
141 0.956609824 -0.000332565 0.291371795 18.409965352 0.001245709 0.999994877 -0.002948446 0.427843785 -0.291369356 0.003183475 0.956605339 110.403310285 0.000000000 0.000000000 0.000000000 1.000000000
142 0.956497088 -0.000708571 0.291740995 18.438118873 0.001539730 0.999995384 -0.002619375 0.427882089 -0.291737827 0.002954625 0.956493764 110.491080329 0.000000000 0.000000000 0.000000000 1.000000000
143 0.956394208 -0.000784282 0.292077888 18.464125581 0.001649321 0.999994953 -0.002715449 0.426422685 -0.292074318 0.003078768 0.956390675 110.567848778 0.000000000 0.000000000 0.000000000 1.000000000
144 0.956294645 -0.000821058 0.292403603 18.492362687 0.001544592 0.999996290 -0.002243577 0.425682732 -0.292400711 0.002597164 0.956292366 110.650583515 0.000000000 0.000000000 0.000000000 1.000000000
145 0.956230567 -0.001205707 0.292611756 18.515793251 0.001894624 0.999996061 -0.002070987 0.425782769 -0.292608140 0.002534729 0.956229084 110.723032590 0.000000000 0.000000000 0.000000000 1.000000000
146 0.956140811 -0.001357284 0.292904246 18.537571173 0.002096939 0.999995357 -0.002211272 0.425948025 -0.292899919 0.002728487 0.956139217 110.792834222 0.000000000 0.000000000 0.000000000 1.000000000
147 0.955999421 -0.001731479 0.293363425 18.565142938 0.002447233 0.999994857 -0.002072795 0.422497430 -0.293358361 0.002699517 0.955998742 110.862154837 0.000000000 0.000000000 0.000000000 1.000000000
148 0.955940843 -0.001851237 0.293553516 18.587897519 0.002638150 0.999993910 -0.002284726 0.417865678 -0.293547533 0.002958499 0.955939906 110.919647083 0.000000000 0.000000000 0.000000000 1.000000000
149 0.955842277 -0.002141245 0.293872330 18.607399824 0.002994194 0.999992510 -0.002452589 0.411817731 -0.293864911 0.003224197 0.955841529 110.971196672 0.000000000 0.000000000 0.000000000 1.000000000
150 0.955805356 -0.002296699 0.293991219 18.625788675 0.003075162 0.999992883 -0.002185691 0.407279166 -0.293984141 0.002993164 0.955805616 111.024113192 0.000000000 0.000000000 0.000000000 1.000000000
151 0.955754617 -0.002224468 0.294156682 18.646220678 0.003070004 0.999992377 -0.002412724 0.399989839 -0.294149107 0.003209033 0.955754161 111.067500334 0.000000000 0.000000000 0.000000000 1.000000000
152 0.955680580 -0.002200911 0.294397306 18.664067310 0.003151762 0.999991237 -0.002755409 0.398201413 -0.294388696 0.003561159 0.955679143 111.113466533 0.000000000 0.000000000 0.000000000 1.000000000
153 0.955615422 -0.002496143 0.294606388 18.684567427 0.003362025 0.999991389 -0.002432673 0.398692525 -0.294597813 0.003315172 0.955615586 111.166832588 0.000000000 0.000000000 0.000000000 1.000000000
154 0.955587417 -0.002568951 0.294696588 18.700196879 0.003424241 0.999991290 -0.002386291 0.399334899 -0.294687925 0.003289420 0.955587891 111.213082075 0.000000000 0.000000000 0.000000000 1.000000000
155 0.955475985 -0.002670200 0.295056777 18.714379567 0.003512104 0.999991133 -0.002323463 0.399255538 -0.295047991 0.003256282 0.955476892 111.256968500 0.000000000 0.000000000 0.000000000 1.000000000
156 0.955419221 -0.002728653 0.295239999 18.732839439 0.003575726 0.999990894 -0.002329252 0.394266658 -0.295230989 0.003281108 0.955420278 111.301968254 0.000000000 0.000000000 0.000000000 1.000000000
157 0.955371493 -0.002828505 0.295393464 18.748976049 0.003815874 0.999988894 -0.002766153 0.389560406 -0.295382394 0.003769886 0.955371676 111.340176614 0.000000000 0.000000000 0.000000000 1.000000000
158 0.955348114 -0.002946085 0.295467918 18.765875987 0.003963109 0.999988105 -0.002843280 0.381380804 -0.295456061 0.003887292 0.955348426 111.376775511 0.000000000 0.000000000 0.000000000 1.000000000
159 0.955300973 -0.003180538 0.295617868 18.781799127 0.004145521 0.999987929 -0.002637597 0.376295740 -0.295605945 0.003745187 0.955302627 111.412229690 0.000000000 0.000000000 0.000000000 1.000000000
160 0.955259158 -0.003340628 0.295751197 18.798378821 0.004335699 0.999986932 -0.002708801 0.370720658 -0.295738318 0.003869893 0.955261159 111.441578219 0.000000000 0.000000000 0.000000000 1.000000000
161 0.955206500 -0.003539942 0.295918908 18.809723005 0.004586308 0.999985445 -0.002841928 0.364603114 -0.295904575 0.004071801 0.955208832 111.465915532 0.000000000 0.000000000 0.000000000 1.000000000
162 0.955168424 -0.003609539 0.296040946 18.822161686 0.004630850 0.999985500 -0.002748792 0.350321504 -0.296026766 0.003996479 0.955171290 111.478012597 0.000000000 0.000000000 0.000000000 1.000000000
163 0.955119748 -0.003542709 0.296198760 18.829364153 0.004593720 0.999985381 -0.002852460 0.346046174 -0.296184359 0.004085093 0.955122059 111.492540250 0.000000000 0.000000000 0.000000000 1.000000000
164 0.955092029 -0.003503420 0.296288596 18.833728542 0.004568160 0.999985357 -0.002901373 0.348144250 -0.296274128 0.004124570 0.955094048 111.508703031 0.000000000 0.000000000 0.000000000 1.000000000
165 0.955061062 -0.003479073 0.296388687 18.837357341 0.004539087 0.999985527 -0.002888377 0.352674795 -0.296374383 0.004103909 0.955063031 111.524997398 0.000000000 0.000000000 0.000000000 1.000000000
166 0.955048040 -0.003494021 0.296430469 18.840658679 0.004535524 0.999985722 -0.002825860 0.354864253 -0.296416398 0.004043298 0.955050251 111.536368986 0.000000000 0.000000000 0.000000000 1.000000000
167 0.955037043 -0.003483594 0.296466020 18.843877992 0.004511802 0.999985946 -0.002784104 0.355240158 -0.296452190 0.003996517 0.955039338 111.546374327 0.000000000 0.000000000 0.000000000 1.000000000
168 0.955015536 -0.003449657 0.296535691 18.842164722 0.004426009 0.999986770 -0.002621255 0.356438735 -0.296522760 0.003815807 0.955018169 111.551017226 0.000000000 0.000000000 0.000000000 1.000000000
169 0.955032835 -0.003414010 0.296480384 18.839214444 0.004403706 0.999986738 -0.002670393 0.357404246 -0.296467370 0.003855924 0.955035204 111.554627259 0.000000000 0.000000000 0.000000000 1.000000000
170 0.955046797 -0.003294336 0.296436759 18.834423180 0.004387894 0.999985802 -0.003023763 0.359482793 -0.296422624 0.004188566 0.955047692 111.555738704 0.000000000 0.000000000 0.000000000 1.000000000
171 0.955035864 -0.003364237 0.296471197 18.829844691 0.004492996 0.999985020 -0.003126053 0.363370717 -0.296456274 0.004317535 0.955036673 111.561435181 0.000000000 0.000000000 0.000000000 1.000000000
172 0.955050072 -0.003500191 0.296423849 18.824577805 0.004506471 0.999986170 -0.002711530 0.369591002 -0.296410293 0.003925470 0.955052637 111.564755212 0.000000000 0.000000000 0.000000000 1.000000000
173 0.955054717 -0.003474524 0.296409184 18.820923726 0.004551598 0.999985309 -0.002943739 0.371035961 -0.296394636 0.004160565 0.955056501 111.563733523 0.000000000 0.000000000 0.000000000 1.000000000
174 0.955040558 -0.003376019 0.296455941 18.818772254 0.004509901 0.999984897 -0.003141003 0.371546640 -0.296440895 0.004336770 0.955041360 111.564836633 0.000000000 0.000000000 0.000000000 1.000000000
175 0.955022864 -0.003397964 0.296512686 18.817597138 0.004457785 0.999985864 -0.002898258 0.371087331 -0.296498681 0.004089690 0.955024511 111.563092839 0.000000000 0.000000000 0.000000000 1.000000000
176 0.955027202 -0.003434526 0.296498290 18.815713567 0.004516277 0.999985410 -0.002963560 0.371728026 -0.296483820 0.004169347 0.955028780 111.561670329 0.000000000 0.000000000 0.000000000 1.000000000
177 0.955039348 -0.003386829 0.296459714 18.813469910 0.004492648 0.999985260 -0.003048900 0.372710297 -0.296445052 0.004243706 0.955040487 111.559992310 0.000000000 0.000000000 0.000000000 1.000000000
178 0.955025583 -0.003410139 0.296503788 18.812120264 0.004523407 0.999985061 -0.003068698 0.376324218 -0.296488928 0.004271890 0.955026742 111.558691632 0.000000000 0.000000000 0.000000000 1.000000000
179 0.955000417 -0.003487474 0.296583935 18.811946085 0.004538021 0.999985631 -0.002853787 0.380331862 -0.296569756 0.004071270 0.955002521 111.561033822 0.000000000 0.000000000 0.000000000 1.000000000
180 0.955016175 -0.003460954 0.296533501 18.812167270 0.004561749 0.999985034 -0.003020372 0.385579666 -0.296518644 0.004237214 0.955017670 111.565199393 0.000000000 0.000000000 0.000000000 1.000000000
181 0.955043086 -0.003502196 0.296446331 18.812236900 0.004598075 0.999984930 -0.002999583 0.387665090 -0.296431393 0.004227811 0.955044798 111.566654839 0.000000000 0.000000000 0.000000000 1.000000000
182 0.955005391 -0.003560065 0.296567055 18.816766575 0.004637433 0.999984956 -0.002929392 0.385151456 -0.296552199 0.004172893 0.955007534 111.566616879 0.000000000 0.000000000 0.000000000 1.000000000
183 0.954984144 -0.003628289 0.296634640 18.817930015 0.004679104 0.999985041 -0.002832558 0.385408016 -0.296619961 0.004093030 0.954986836 111.567334762 0.000000000 0.000000000 0.000000000 1.000000000
184 0.954967540 -0.003578370 0.296688695 18.820226056 0.004653317 0.999984919 -0.002917029 0.383625752 -0.296673817 0.004166252 0.954969790 111.568403616 0.000000000 0.000000000 0.000000000 1.000000000
185 0.954919641 -0.003620553 0.296842315 18.821488197 0.004688303 0.999984848 -0.002885215 0.381619491 -0.296827406 0.004146833 0.954922146 111.569072117 0.000000000 0.000000000 0.000000000 1.000000000
186 0.954913398 -0.003750621 0.296860783 18.824645356 0.004803816 0.999984490 -0.002818373 0.376941700 -0.296845643 0.004117365 0.954916605 111.570032074 0.000000000 0.000000000 0.000000000 1.000000000
187 0.954886757 -0.003646263 0.296947765 18.826905063 0.004749233 0.999984243 -0.002993029 0.372686547 -0.296932207 0.004268276 0.954889029 111.569515315 0.000000000 0.000000000 0.000000000 1.000000000
188 0.954899170 -0.003755440 0.296906486 18.828570816 0.004852590 0.999983850 -0.002958351 0.369921923 -0.296890616 0.004265690 0.954901972 111.570290100 0.000000000 0.000000000 0.000000000 1.000000000
189 0.954891366 -0.003723565 0.296931984 18.829742420 0.004814667 0.999984078 -0.002943358 0.368043298 -0.296916331 0.004240214 0.954894090 111.571675018 0.000000000 0.000000000 0.000000000 1.000000000
190 0.954885732 -0.003769602 0.296949522 18.830795301 0.004836336 0.999984221 -0.002857742 0.367365459 -0.296934099 0.004164963 0.954888897 111.573797429 0.000000000 0.000000000 0.000000000 1.000000000
191 0.954833528 -0.003763167 0.297117420 18.832684338 0.004869996 0.999983686 -0.002985113 0.362584421 -0.297101374 0.004297244 0.954836278 111.574339662 0.000000000 0.000000000 0.000000000 1.000000000
192 0.954846681 -0.003831838 0.297074269 18.834988474 0.004909908 0.999983791 -0.002882889 0.357880954 -0.297058442 0.004211322 0.954850018 111.575132837 0.000000000 0.000000000 0.000000000 1.000000000
193 0.954836542 -0.003846180 0.297106671 18.837225376 0.004934600 0.999983581 -0.002913495 0.352339803 -0.297090621 0.004248012 0.954839844 111.575298361 0.000000000 0.000000000 0.000000000 1.000000000
194 0.954833386 -0.003849614 0.297116770 18.838177769 0.004955138 0.999983319 -0.002967792 0.347592886 -0.297100424 0.004306000 0.954836534 111.575291444 0.000000000 0.000000000 0.000000000 1.000000000
195 0.954811257 -0.003947107 0.297186597 18.841378833 0.005028770 0.999983222 -0.002875245 0.339772698 -0.297170297 0.004239798 0.954815086 111.575269038 0.000000000 0.000000000 0.000000000 1.000000000
196 0.954799146 -0.003879692 0.297226392 18.841948726 0.004973307 0.999983360 -0.002923295 0.334120180 -0.297210140 0.004269356 0.954802553 111.575588345 0.000000000 0.000000000 0.000000000 1.000000000
197 0.954782223 -0.003924324 0.297280163 18.841874193 0.005030932 0.999982972 -0.002957433 0.332579686 -0.297263529 0.004319299 0.954785708 111.575848355 0.000000000 0.000000000 0.000000000 1.000000000
198 0.954791044 -0.003905134 0.297252085 18.842006401 0.005015847 0.999982998 -0.002973964 0.330781947 -0.297235452 0.004330483 0.954794399 111.578256169 0.000000000 0.000000000 0.000000000 1.000000000
