0 1.000000000 0.000000000 -0.000000000 0.000000000 -0.000000000 1.000000000 -0.000000000 -0.000000000 -0.000000000 -0.000000000 1.000000000 0.000000000 0.000000000 0.000000000 0.000000000 1.000000000
1 0.999875165 -0.000579221 -0.015789857 -0.011614119 0.000649678 0.999989855 0.004457376 -0.002649936 0.015787117 -0.004467077 0.999865397 0.342712635 0.000000000 0.000000000 0.000000000 1.000000000
2 0.999603451 -0.000751377 -0.028149180 -0.013807780 0.001176052 0.999885703 0.015073075 -0.005602848 0.028134640 -0.015100201 0.999490083 0.662746476 0.000000000 0.000000000 0.000000000 1.000000000
3 0.999173443 0.002716663 -0.040559222 -0.005682884 -0.001776312 0.999729203 0.023202716 -0.018991008 0.040611278 -0.023111488 0.998907695 0.993066152 0.000000000 0.000000000 0.000000000 1.000000000
4 0.998508889 0.003123972 -0.054499904 0.004962065 -0.001834604 0.999717617 0.023692184 -0.037416289 0.054558534 -0.023556867 0.998232659 1.341536734 0.000000000 0.000000000 0.000000000 1.000000000
5 0.997743122 0.003993908 -0.067027683 -0.013893464 -0.002556873 0.999765330 0.021511551 -0.051196169 0.067097876 -0.021291618 0.997519194 1.640706756 0.000000000 0.000000000 0.000000000 1.000000000
6 0.996833584 0.001470586 -0.079502473 -0.040171810 0.000123031 0.999799246 0.020036268 -0.053118162 0.079515987 -0.019982604 0.996633285 1.918685014 0.000000000 0.000000000 0.000000000 1.000000000
7 0.995674903 0.002411257 -0.092874498 -0.077148618 -0.000886705 0.999864248 0.016452953 -0.051389091 0.092901573 -0.016299438 0.995541876 2.226511468 0.000000000 0.000000000 0.000000000 1.000000000
8 0.994520014 0.004242216 -0.104460257 -0.106835947 -0.002865738 0.999907130 0.013323619 -0.061711707 0.104507089 -0.012951248 0.994439809 2.488765713 0.000000000 0.000000000 0.000000000 1.000000000
9 0.993224554 0.008410194 -0.115906221 -0.139679160 -0.007010496 0.999897565 0.012478516 -0.069122811 0.115999309 -0.011581406 0.993181772 2.774896819 0.000000000 0.000000000 0.000000000 1.000000000
10 0.991706364 0.006380417 -0.128365792 -0.182780888 -0.005668986 0.999966485 0.005906829 -0.075431883 0.128399193 -0.005130135 0.991709298 3.083231160 0.000000000 0.000000000 0.000000000 1.000000000
11 0.990121149 0.003941397 -0.140159105 -0.210075939 -0.003278927 0.999982337 0.004957174 -0.069783712 0.140176184 -0.004448630 0.990116584 3.386987989 0.000000000 0.000000000 0.000000000 1.000000000
12 0.988508093 0.001582083 -0.151159664 -0.234570359 -0.000125886 0.999953501 0.009642586 -0.064594400 0.151167908 -0.009512743 0.988462328 3.699930627 0.000000000 0.000000000 0.000000000 1.000000000
13 0.986566730 0.001873313 -0.163348017 -0.259883499 0.000255858 0.999915300 0.013012558 -0.077955084 0.163358577 -0.012879549 0.986482689 4.046263294 0.000000000 0.000000000 0.000000000 1.000000000
14 0.984566504 0.000139082 -0.175010787 -0.299552677 0.001934331 0.999929954 0.011676705 -0.092606358 0.175000173 -0.011835019 0.984497270 4.343653200 0.000000000 0.000000000 0.000000000 1.000000000
15 0.982449740 -0.000608730 -0.186526497 -0.344635017 0.002574675 0.999943663 0.010297689 -0.113213600 0.186509742 -0.010597205 0.982395958 4.631860972 0.000000000 0.000000000 0.000000000 1.000000000
16 0.980181587 0.003028774 -0.198077961 -0.399925809 -0.000148427 0.999894064 0.014554714 -0.126248220 0.198101083 -0.014236860 0.980078199 4.973926261 0.000000000 0.000000000 0.000000000 1.000000000
17 0.977990778 0.003929104 -0.208611112 -0.444286811 -0.001854181 0.999946860 0.010140999 -0.145946624 0.208639896 -0.009530998 0.977946092 5.284467703 0.000000000 0.000000000 0.000000000 1.000000000
18 0.975620541 0.002520930 -0.219449767 -0.495732646 -0.002127686 0.999995679 0.002028281 -0.163875160 0.219453958 -0.001511912 0.975621689 5.590791867 0.000000000 0.000000000 0.000000000 1.000000000
19 0.973007245 -0.000699160 -0.230773495 -0.555952114 -0.000320438 0.999990354 -0.004380663 -0.182642420 0.230774359 0.004336366 0.972997635 5.892964942 0.000000000 0.000000000 0.000000000 1.000000000
20 0.969848995 -0.008545285 -0.243556766 -0.628931915 0.006033551 0.999920668 -0.011056870 -0.194658118 0.243631957 0.009253982 0.969823613 6.223273372 0.000000000 0.000000000 0.000000000 1.000000000
21 0.966917196 -0.009410251 -0.254916801 -0.705936161 0.007297483 0.999930751 -0.009232578 -0.191689132 0.254986059 0.007066888 0.966918909 6.532337638 0.000000000 0.000000000 0.000000000 1.000000000
22 0.963518275 -0.006211069 -0.267570454 -0.800729285 0.005284195 0.999977286 -0.004183983 -0.190825007 0.267590394 0.002617450 0.963529210 6.875590038 0.000000000 0.000000000 0.000000000 1.000000000
23 0.960272157 -0.003175723 -0.279047113 -0.896322256 0.003445295 0.999993952 0.000475604 -0.207338075 0.279043947 -0.001418107 0.960277290 7.185283677 0.000000000 0.000000000 0.000000000 1.000000000
24 0.956935596 -0.003584153 -0.290278159 -0.989778860 0.003457784 0.999993572 -0.000948243 -0.223675936 0.290279726 -0.000096311 0.956941838 7.492637673 0.000000000 0.000000000 0.000000000 1.000000000
25 0.953690052 -0.003399595 -0.300771868 -1.086384886 0.003381952 0.999994113 -0.000579315 -0.233712060 0.300772102 -0.000464707 0.953695935 7.807513088 0.000000000 0.000000000 0.000000000 1.000000000
26 0.949418022 0.003447688 -0.313996053 -1.202505272 -0.000712641 0.999960807 0.008824822 -0.248238643 0.314014208 -0.008154676 0.949383268 8.153429458 0.000000000 0.000000000 0.000000000 1.000000000
27 0.945636515 0.006102486 -0.325168155 -1.307033868 -0.000708586 0.999860229 0.016703880 -0.260398137 0.325224679 -0.015565385 0.945508667 8.467838895 0.000000000 0.000000000 0.000000000 1.000000000
28 0.942044693 0.001079614 -0.335485645 -1.405289569 0.005457104 0.999813208 0.018541026 -0.263491653 0.335443036 -0.019297251 0.941862834 8.781353514 0.000000000 0.000000000 0.000000000 1.000000000
29 0.937560513 -0.005408627 -0.347780127 -1.519949411 0.011605147 0.999808819 0.015736760 -0.269247409 0.347628565 -0.018790200 0.937444037 9.113949205 0.000000000 0.000000000 0.000000000 1.000000000
30 0.933374524 -0.008126029 -0.358811860 -1.633040414 0.014170086 0.999798508 0.014218044 -0.265091161 0.358624068 -0.018355151 0.933301602 9.415288621 0.000000000 0.000000000 0.000000000 1.000000000
31 0.928586451 -0.001669572 -0.371112381 -1.779315989 0.006839836 0.999897021 0.012616066 -0.266752342 0.371053144 -0.014253452 0.928502245 9.739589478 0.000000000 0.000000000 0.000000000 1.000000000
32 0.923819263 0.001891137 -0.382824210 -1.915347506 0.002584772 0.999934193 0.011177128 -0.268673071 0.382820200 -0.011315157 0.923753581 10.040453653 0.000000000 0.000000000 0.000000000 1.000000000
33 0.918791042 -0.001052851 -0.394742822 -2.042503356 0.006003850 0.999918045 0.011307410 -0.261071114 0.394698612 -0.012759120 0.918722063 10.362436657 0.000000000 0.000000000 0.000000000 1.000000000
34 0.913855997 -0.005530311 -0.406000756 -2.176248273 0.011876711 0.999843476 0.013113663 -0.256710266 0.405864732 -0.016805949 0.913778637 10.688761423 0.000000000 0.000000000 0.000000000 1.000000000
35 0.908130336 -0.005757684 -0.418647970 -2.341829159 0.013898008 0.999768954 0.016397660 -0.249993508 0.418456879 -0.020709581 0.908000536 11.051174759 0.000000000 0.000000000 0.000000000 1.000000000
36 0.902082539 -0.001356025 -0.431561389 -2.505775567 0.010938359 0.999745648 0.019722853 -0.244946742 0.431424926 -0.022512210 0.901867925 11.384310362 0.000000000 0.000000000 0.000000000 1.000000000
37 0.895967614 -0.001694157 -0.444116136 -2.670638823 0.011183907 0.999761672 0.018748843 -0.232075058 0.443978579 -0.021765304 0.895773027 11.727346828 0.000000000 0.000000000 0.000000000 1.000000000
38 0.888828620 -0.003475964 -0.458226557 -2.860367539 0.011793662 0.999813514 0.015292059 -0.209150105 0.458088003 -0.018996184 0.888703860 12.112350952 0.000000000 0.000000000 0.000000000 1.000000000
39 0.882027325 -0.003975534 -0.471181460 -3.044484697 0.011730651 0.999839745 0.013523147 -0.191803207 0.471052244 -0.017455046 0.881932611 12.466144104 0.000000000 0.000000000 0.000000000 1.000000000
40 0.874414277 -0.006687927 -0.485133917 -3.235280123 0.014532829 0.999817365 0.012411018 -0.171886013 0.484962367 -0.017902735 0.874351772 12.828764888 0.000000000 0.000000000 0.000000000 1.000000000
41 0.865178024 -0.011948261 -0.501322447 -3.452409882 0.019627316 0.999756904 0.010044959 -0.151040869 0.501080617 -0.018530287 0.865202215 13.232735613 0.000000000 0.000000000 0.000000000 1.000000000
42 0.856611615 -0.016233498 -0.515706296 -3.667069963 0.022178293 0.999739614 0.005369159 -0.130177141 0.515484914 -0.016036765 0.856748596 13.590783197 0.000000000 0.000000000 0.000000000 1.000000000
43 0.847585701 -0.013299779 -0.530491812 -3.906365480 0.017188632 0.999849394 0.002396002 -0.115809626 0.530380113 -0.011149242 0.847686654 13.930690237 0.000000000 0.000000000 0.000000000 1.000000000
44 0.836691417 -0.009487802 -0.547592384 -4.181464737 0.013169760 0.999909361 0.002797849 -0.103970527 0.547516269 -0.009552593 0.836740532 14.308120143 0.000000000 0.000000000 0.000000000 1.000000000
45 0.826303716 -0.009357193 -0.563147028 -4.437206346 0.014020658 0.999893871 0.003958326 -0.049741734 0.563050289 -0.011166467 0.826347214 14.667739575 0.000000000 0.000000000 0.000000000 1.000000000
46 0.815485883 -0.010085416 -0.578689054 -4.697712974 0.016109062 0.999856325 0.005275274 -0.001465061 0.578552775 -0.013624045 0.815531183 15.027760405 0.000000000 0.000000000 0.000000000 1.000000000
47 0.803228069 -0.011218480 -0.595565928 -4.988984077 0.017904062 0.999825591 0.005313467 0.041190772 0.595402516 -0.014930970 0.803288834 15.395224401 0.000000000 0.000000000 0.000000000 1.000000000
48 0.792135365 -0.009873102 -0.610265551 -5.269134771 0.017274218 0.999831277 0.006246594 0.070567366 0.610100983 -0.015490003 0.792172263 15.706107288 0.000000000 0.000000000 0.000000000 1.000000000
49 0.781024430 -0.008023747 -0.624448888 -5.557186618 0.016308013 0.999838511 0.007549862 0.102644131 0.624287541 -0.016080142 0.781029154 16.004870988 0.000000000 0.000000000 0.000000000 1.000000000
50 0.768584245 -0.005853712 -0.639721771 -5.874006554 0.014573956 0.999858841 0.008360550 0.127314626 0.639582603 -0.015749059 0.768561063 16.349412601 0.000000000 0.000000000 0.000000000 1.000000000
51 0.757599880 -0.004961339 -0.652700358 -6.166354995 0.014020169 0.999864096 0.008673218 0.153800372 0.652568699 -0.015721793 0.757566477 16.649233145 0.000000000 0.000000000 0.000000000 1.000000000
52 0.746950722 -0.004311979 -0.664865381 -6.467126995 0.013325109 0.999875211 0.008485566 0.173436871 0.664745901 -0.015197698 0.746914967 16.925080469 0.000000000 0.000000000 0.000000000 1.000000000
53 0.735025904 -0.003018966 -0.678032266 -6.804627882 0.011978493 0.999891843 0.008533315 0.184168719 0.677933250 -0.014394007 0.734982568 17.212373997 0.000000000 0.000000000 0.000000000 1.000000000
54 0.724486659 -0.001484883 -0.689287183 -7.112124863 0.010917922 0.999896950 0.009321454 0.186430013 0.689202391 -0.014278848 0.724428211 17.478808953 0.000000000 0.000000000 0.000000000 1.000000000
55 0.714091139 -0.000598134 -0.700052449 -7.422503915 0.010339422 0.999899572 0.009692439 0.210075211 0.699976428 -0.014159417 0.714025607 17.743345722 0.000000000 0.000000000 0.000000000 1.000000000
56 0.703111498 -0.000159343 -0.711079558 -7.765165532 0.009905061 0.999905148 0.009570005 0.236612124 0.711010669 -0.013772062 0.703046384 18.024830551 0.000000000 0.000000000 0.000000000 1.000000000
57 0.694750943 0.000378495 -0.719250252 -8.078027912 0.009955030 0.999899012 0.010142123 0.256952521 0.719181539 -0.014206402 0.694677012 18.260501567 0.000000000 0.000000000 0.000000000 1.000000000
58 0.687222576 0.001732005 -0.726444816 -8.394257829 0.009348898 0.999893258 0.011228101 0.277964688 0.726386806 -0.014507657 0.687133027 18.482709484 0.000000000 0.000000000 0.000000000 1.000000000
59 0.680523829 0.002786686 -0.732720609 -8.702545133 0.008703576 0.999891475 0.011886353 0.294688214 0.732674300 -0.014466230 0.680425720 18.723756014 0.000000000 0.000000000 0.000000000 1.000000000
60 0.674275495 0.002930668 -0.738474039 -9.039511561 0.008146352 0.999901762 0.011406314 0.313851577 0.738435007 -0.013706862 0.674185380 18.982545443 0.000000000 0.000000000 0.000000000 1.000000000
61 0.669822046 0.003330367 -0.742514156 -9.340897832 0.007632922 0.999906221 0.011370497 0.329472832 0.742482478 -0.013283756 0.669733809 19.226876209 0.000000000 0.000000000 0.000000000 1.000000000
62 0.666546648 0.003915972 -0.745452994 -9.645657263 0.007679068 0.999897078 0.012118843 0.344331169 0.745423814 -0.013802154 0.666447974 19.451612556 0.000000000 0.000000000 0.000000000 1.000000000
63 0.664347860 0.003819945 -0.747413717 -9.977292254 0.007990246 0.999893499 0.012212570 0.360643413 0.747380856 -0.014085409 0.664246583 19.694859401 0.000000000 0.000000000 0.000000000 1.000000000
64 0.663734611 0.002973142 -0.747962206 -10.270637441 0.008642588 0.999894857 0.011643925 0.374708502 0.747918270 -0.014192800 0.663639127 19.929419881 0.000000000 0.000000000 0.000000000 1.000000000
65 0.664329442 0.002448310 -0.747435839 -10.562842542 0.008364146 0.999907670 0.010709460 0.388407321 0.747393135 -0.013366267 0.664247626 20.157311648 0.000000000 0.000000000 0.000000000 1.000000000
66 0.666425951 0.001123765 -0.745570335 -10.874720177 0.008430948 0.999923568 0.009043121 0.400383675 0.745523599 -0.012312430 0.666365539 20.425569284 0.000000000 0.000000000 0.000000000 1.000000000
67 0.670037972 -0.001187374 -0.742325833 -11.178528796 0.008413034 0.999946643 0.005994325 0.402800196 0.742279195 -0.010261632 0.670012209 20.609751645 0.000000000 0.000000000 0.000000000 1.000000000
68 0.675171003 -0.003484709 -0.737652975 -11.476934269 0.008603924 0.999958020 0.003151289 0.406651970 0.737611113 -0.008474365 0.675172640 20.832297077 0.000000000 0.000000000 0.000000000 1.000000000
69 0.682128959 -0.003822953 -0.731221858 -11.807581251 0.008500920 0.999960215 0.002702222 0.412211997 0.731182522 -0.008059318 0.682134319 21.084356842 0.000000000 0.000000000 0.000000000 1.000000000
70 0.689286614 -0.001693613 -0.724486739 -12.102333581 0.007497372 0.999960395 0.004795523 0.419810883 0.724450009 -0.008737232 0.689272012 21.336140212 0.000000000 0.000000000 0.000000000 1.000000000
71 0.698638880 0.001704049 -0.715472398 -12.428044625 0.005175953 0.999958958 0.007435790 0.425962272 0.715455788 -0.008898179 0.698601386 21.603996717 0.000000000 0.000000000 0.000000000 1.000000000
72 0.708575469 0.004538784 -0.705620399 -12.719058119 0.002908042 0.999952038 0.009352246 0.428595504 0.705629086 -0.008678741 0.708528284 21.842475053 0.000000000 0.000000000 0.000000000 1.000000000
73 0.719293085 0.006167928 -0.694679320 -12.999160546 0.002000119 0.999938055 0.010949254 0.430030694 0.694703904 -0.009265159 0.719236191 22.093660880 0.000000000 0.000000000 0.000000000 1.000000000
74 0.731669598 0.006672717 -0.681626746 -13.298535908 0.000923542 0.999941466 0.010780175 0.432747182 0.681658860 -0.008517033 0.731620607 22.372521313 0.000000000 0.000000000 0.000000000 1.000000000
75 0.744034157 0.006241094 -0.668112393 -13.557718785 0.000116558 0.999955144 0.009470771 0.438346148 0.668141611 -0.007124446 0.744000055 22.644335027 0.000000000 0.000000000 0.000000000 1.000000000
76 0.757323026 0.007085847 -0.653001972 -13.816892127 -0.002061106 0.999962086 0.008460400 0.442768018 0.653037240 -0.005061346 0.757308917 22.898519881 0.000000000 0.000000000 0.000000000 1.000000000
77 0.772111922 0.009208744 -0.635419808 -14.087496594 -0.005834479 0.999955583 0.007402141 0.449259253 0.635459823 -0.002007935 0.772131354 23.194918870 0.000000000 0.000000000 0.000000000 1.000000000
78 0.785263822 0.010379201 -0.619074275 -14.326913444 -0.008331605 0.999946092 0.006196569 0.453582406 0.619105290 0.000291944 0.785307964 23.459917666 0.000000000 0.000000000 0.000000000 1.000000000
79 0.798392527 0.008800731 -0.602072984 -14.546843101 -0.007226166 0.999961218 0.005034400 0.459612335 0.602094011 0.000331255 0.798425158 23.750344676 0.000000000 0.000000000 0.000000000 1.000000000
80 0.812971401 0.007911761 -0.582249831 -14.781356542 -0.006978170 0.999968262 0.003844502 0.464078283 0.582261836 0.000937571 0.813000808 24.072612362 0.000000000 0.000000000 0.000000000 1.000000000
81 0.826436068 0.008227824 -0.562970418 -14.990174832 -0.008228107 0.999962934 0.002535687 0.465696902 0.562970480 0.002536600 0.826473134 24.366442726 0.000000000 0.000000000 0.000000000 1.000000000
82 0.839607385 0.007775398 -0.543138057 -15.192776777 -0.008579987 0.999962638 0.001051832 0.467683201 0.543126006 0.003776993 0.839642728 24.668037397 0.000000000 0.000000000 0.000000000 1.000000000
83 0.854052327 0.006045506 -0.520151943 -15.405791416 -0.006481496 0.999978514 0.000980177 0.471443514 0.520146754 0.002534243 0.854073160 25.012254643 0.000000000 0.000000000 0.000000000 1.000000000
84 0.866777885 0.003989268 -0.498678409 -15.587243751 -0.003840755 0.999991748 0.001323809 0.476796288 0.498679634 0.000767855 0.866786053 25.345986286 0.000000000 0.000000000 0.000000000 1.000000000
85 0.879039638 0.003220789 -0.476737785 -15.764519251 -0.002544010 0.999994632 0.002065050 0.481074817 0.476741932 -0.000602432 0.879043112 25.683285685 0.000000000 0.000000000 0.000000000 1.000000000
86 0.891893140 0.004256550 -0.452226145 -15.953593944 -0.003545608 0.999990787 0.002419606 0.484686628 0.452232331 -0.000554611 0.891900014 26.062632108 0.000000000 0.000000000 0.000000000 1.000000000
87 0.902925318 0.006768075 -0.429744158 -16.124054736 -0.006336157 0.999976959 0.002435972 0.485429236 0.429750794 0.000523427 0.902947397 26.400028116 0.000000000 0.000000000 0.000000000 1.000000000
88 0.913352836 0.008907110 -0.407071544 -16.277359271 -0.008347076 0.999960196 0.003151613 0.489677376 0.407083460 0.000519324 0.913390829 26.762976423 0.000000000 0.000000000 0.000000000 1.000000000
89 0.923955380 0.007295009 -0.382430676 -16.429079306 -0.006437946 0.999973078 0.003520743 0.496518441 0.382446109 -0.000790940 0.923977470 27.174138374 0.000000000 0.000000000 0.000000000 1.000000000
90 0.932891492 0.005373989 -0.360117440 -16.555273393 -0.004332773 0.999983774 0.003698505 0.505285340 0.360131514 -0.001889995 0.932899638 27.563169061 0.000000000 0.000000000 0.000000000 1.000000000
91 0.941411550 0.006426182 -0.337198733 -16.677339961 -0.005436235 0.999977696 0.003879925 0.516574045 0.337216184 -0.001819513 0.941425487 27.960866815 0.000000000 0.000000000 0.000000000 1.000000000
92 0.950004988 0.009129984 -0.312101193 -16.804064131 -0.008290723 0.999957567 0.004015911 0.529653258 0.312124651 -0.001227589 0.950040371 28.407514040 0.000000000 0.000000000 0.000000000 1.000000000
93 0.957040738 0.010511996 -0.289762859 -16.908921470 -0.009399601 0.999942143 0.005230446 0.539772778 0.289801110 -0.002282093 0.957084175 28.826979715 0.000000000 0.000000000 0.000000000 1.000000000
94 0.963594015 0.012847240 -0.267060881 -17.005962060 -0.011251052 0.999908531 0.007506236 0.549150067 0.267132919 -0.004228247 0.963650421 29.254428970 0.000000000 0.000000000 0.000000000 1.000000000
95 0.970210896 0.017003055 -0.241664452 -17.105236913 -0.015414593 0.999845378 0.008462248 0.562105363 0.241770998 -0.004485004 0.970322975 29.732329844 0.000000000 0.000000000 0.000000000 1.000000000
96 0.975792193 0.020675719 -0.217720244 -17.180689039 -0.019418200 0.999780126 0.007914055 0.580079971 0.217836027 -0.003494737 0.975979127 30.172473066 0.000000000 0.000000000 0.000000000 1.000000000
97 0.980768345 0.024400062 -0.193644228 -17.256233530 -0.023418381 0.999698679 0.007357357 0.598057962 0.193765422 -0.002681027 0.981044228 30.612053127 0.000000000 0.000000000 0.000000000 1.000000000
98 0.985259880 0.025231365 -0.169193212 -17.312063032 -0.024343323 0.999676848 0.007321328 0.615353073 0.169323284 -0.003094684 0.985555707 31.067145454 0.000000000 0.000000000 0.000000000 1.000000000
99 0.989492198 0.026655420 -0.142107974 -17.362554079 -0.025830475 0.999637089 0.007646997 0.632541349 0.142260252 -0.003895926 0.989821623 31.576743688 0.000000000 0.000000000 0.000000000 1.000000000
100 0.992747455 0.028305920 -0.116838624 -17.402411582 -0.027439992 0.999582814 0.009013594 0.642072360 0.117045032 -0.005742170 0.993110009 32.050901892 0.000000000 0.000000000 0.000000000 1.000000000
101 0.995486110 0.031048036 -0.089685137 -17.432677110 -0.030200040 0.999485556 0.010797216 0.653572587 0.089974242 -0.008039982 0.995911640 32.585061728 0.000000000 0.000000000 0.000000000 1.000000000
102 0.997252524 0.033417092 -0.066111270 -17.449173334 -0.032652625 0.999387200 0.012610699 0.663947228 0.066492178 -0.010417343 0.997732564 33.081369665 0.000000000 0.000000000 0.000000000 1.000000000
103 0.998483499 0.034779751 -0.042674002 -17.453540957 -0.034243855 0.999325993 0.013225690 0.675827006 0.043105231 -0.011744309 0.999001507 33.584343019 0.000000000 0.000000000 0.000000000 1.000000000
104 0.999192841 0.036383241 -0.017027224 -17.442259194 -0.036176992 0.999270086 0.012268675 0.689775204 0.017461172 -0.011642777 0.999779752 34.145375862 0.000000000 0.000000000 0.000000000 1.000000000
105 0.999289643 0.037049642 0.006894387 -17.419886404 -0.037124145 0.999250004 0.011010306 0.705379802 -0.006481289 -0.011258432 0.999915617 34.663543503 0.000000000 0.000000000 0.000000000 1.000000000
106 0.998804645 0.037984024 0.030765155 -17.384124969 -0.038319759 0.999211436 0.010397242 0.725610672 -0.030345970 -0.011563726 0.999472562 35.192352020 0.000000000 0.000000000 0.000000000 1.000000000
107 0.997659775 0.039308021 0.055945085 -17.332093838 -0.039905058 0.999157412 0.009594411 0.748264156 -0.055520816 -0.011804448 0.998387748 35.782730407 0.000000000 0.000000000 0.000000000 1.000000000
108 0.996151277 0.040381403 0.077794435 -17.270559636 -0.041182565 0.999113577 0.008721025 0.766242456 -0.077373318 -0.011891234 0.996931276 36.326840051 0.000000000 0.000000000 0.000000000 1.000000000
109 0.994218927 0.040880130 0.099285136 -17.197099327 -0.041984143 0.999077245 0.009054845 0.782640307 -0.098823369 -0.013170899 0.995017824 36.877765993 0.000000000 0.000000000 0.000000000 1.000000000
110 0.991797961 0.041505957 0.120888621 -17.115709678 -0.043043963 0.999021742 0.010137847 0.797795797 -0.120349594 -0.015258220 0.992614308 37.423508355 0.000000000 0.000000000 0.000000000 1.000000000
111 0.988650276 0.041842843 0.144290698 -17.011086247 -0.043927957 0.998970862 0.011293839 0.813111095 -0.143669654 -0.017504051 0.989470890 38.022896442 0.000000000 0.000000000 0.000000000 1.000000000
112 0.985421789 0.041482423 0.164994251 -16.904732328 -0.044087025 0.998953764 0.012153643 0.826999801 -0.164317485 -0.019250568 0.986219642 38.564894401 0.000000000 0.000000000 0.000000000 1.000000000
113 0.981544655 0.040871744 0.186814310 -16.771326653 -0.043969206 0.998955117 0.012465269 0.841555589 -0.186109656 -0.020449293 0.982316154 39.163949987 0.000000000 0.000000000 0.000000000 1.000000000
114 0.977861134 0.040790210 0.205240729 -16.641288173 -0.044198242 0.998950153 0.012046079 0.854346139 -0.204533919 -0.020850671 0.978637385 39.703823660 0.000000000 0.000000000 0.000000000 1.000000000
115 0.974072032 0.040253644 0.222628198 -16.504612246 -0.043797407 0.998979857 0.011001477 0.865549633 -0.221958262 -0.020466767 0.974841345 40.234115466 0.000000000 0.000000000 0.000000000 1.000000000
116 0.969911365 0.041035887 0.239974985 -16.361738939 -0.044621985 0.998958516 0.009526872 0.876272736 -0.239334139 -0.019948380 0.970732321 40.757727118 0.000000000 0.000000000 0.000000000 1.000000000
117 0.964860388 0.042318281 0.259332965 -16.194564296 -0.045910638 0.998915032 0.007808410 0.886401568 -0.258721189 -0.019440166 0.965756405 41.327601630 0.000000000 0.000000000 0.000000000 1.000000000
118 0.960092996 0.042157140 0.276485452 -16.028025987 -0.045700860 0.998934776 0.006383088 0.895375982 -0.275921873 -0.018763980 0.960996900 41.848851776 0.000000000 0.000000000 0.000000000 1.000000000
119 0.955049296 0.041226410 0.293566373 -15.851655605 -0.044898692 0.998974834 0.005778274 0.903571358 -0.293027236 -0.018699281 0.955921224 42.365039834 0.000000000 0.000000000 0.000000000 1.000000000
120 0.949050757 0.040959830 0.312449902 -15.650968556 -0.044870529 0.998978574 0.005333356 0.908612389 -0.311912341 -0.019081417 0.949919261 42.930358051 0.000000000 0.000000000 0.000000000 1.000000000
121 0.943248131 0.041716988 0.329458104 -15.467376407 -0.045925335 0.998932374 0.004997679 0.908170304 -0.328897916 -0.019844524 0.944156962 43.433415801 0.000000000 0.000000000 0.000000000 1.000000000
122 0.937181001 0.041843935 0.346324763 -15.267161676 -0.046448361 0.998908170 0.005001842 0.910647257 -0.345737379 -0.020773848 0.938101341 43.941604904 0.000000000 0.000000000 0.000000000 1.000000000
123 0.930277790 0.039650171 0.364706844 -15.033372680 -0.044540460 0.998995053 0.005003102 0.913131249 -0.364142002 -0.020898484 0.931108947 44.495747496 0.000000000 0.000000000 0.000000000 1.000000000
124 0.923744922 0.035892611 0.381322728 -14.803881494 -0.040873346 0.999151985 0.004967874 0.917520219 -0.380821095 -0.020174983 0.924428624 44.997057600 0.000000000 0.000000000 0.000000000 1.000000000
125 0.917039227 0.030882387 0.397599442 -14.566986137 -0.036038465 0.999335268 0.005500055 0.921327291 -0.397165337 -0.019372640 0.917542596 45.490637623 0.000000000 0.000000000 0.000000000 1.000000000
126 0.909808873 0.025488468 0.414244048 -14.296036326 -0.030706347 0.999510794 0.005940703 0.926922542 -0.413890027 -0.018124825 0.910146448 46.031097312 0.000000000 0.000000000 0.000000000 1.000000000
127 0.903568604 0.019903633 0.427980842 -14.037694229 -0.024997809 0.999667744 0.006285818 0.933925715 -0.427713582 -0.016378251 0.903765936 46.523620788 0.000000000 0.000000000 0.000000000 1.000000000
128 0.898893789 0.013944477 0.437944615 -13.773411670 -0.018844986 0.999798982 0.006845529 0.939040556 -0.437761174 -0.014406464 0.898975879 47.015593986 0.000000000 0.000000000 0.000000000 1.000000000
129 0.895274280 0.007503447 0.445452173 -13.473674244 -0.011298445 0.999918973 0.005864526 0.947645597 -0.445372127 -0.010283277 0.895286516 47.561407453 0.000000000 0.000000000 0.000000000 1.000000000
130 0.892938064 0.003137637 0.450168574 -13.214983248 -0.005959714 0.999970471 0.004851757 0.946018622 -0.450140111 -0.007015196 0.892930396 48.048079601 0.000000000 0.000000000 0.000000000 1.000000000
131 0.891680877 -0.001113227 0.452663175 -12.947940871 -0.000438698 0.999994381 0.003323439 0.949863507 -0.452664385 -0.003162031 0.891675379 48.542621282 0.000000000 0.000000000 0.000000000 1.000000000
132 0.891773890 -0.004782951 0.452455995 -12.679564206 0.004303023 0.999988558 0.002089869 0.954802424 -0.452460867 0.000083235 0.891784268 49.044574257 0.000000000 0.000000000 0.000000000 1.000000000
133 0.893023493 -0.008738677 0.449925162 -12.386643306 0.008798568 0.999959375 0.001958093 0.959098783 -0.449924047 0.002210071 0.893064103 49.604365775 0.000000000 0.000000000 0.000000000 1.000000000
134 0.895574860 -0.010657588 0.444783163 -12.122949147 0.009631689 0.999943187 0.004566463 0.965936921 -0.444806613 0.000194402 0.895626632 50.125103227 0.000000000 0.000000000 0.000000000 1.000000000
135 0.899143416 -0.013278434 0.437452600 -11.870138792 0.010667740 0.999907608 0.008424641 0.972460154 -0.437524101 -0.002908331 0.899201994 50.635690763 0.000000000 0.000000000 0.000000000 1.000000000
136 0.903916989 -0.017748821 0.427339483 -11.588051619 0.013510994 0.999824895 0.012947316 0.984221784 -0.427494504 -0.005929519 0.903998513 51.215830570 0.000000000 0.000000000 0.000000000 1.000000000
137 0.909035354 -0.023606222 0.416049818 -11.336914002 0.018431024 0.999694779 0.016451321 0.993510735 -0.416311233 -0.007286609 0.909192985 51.745740681 0.000000000 0.000000000 0.000000000 1.000000000
138 0.914825644 -0.023093251 0.403188198 -11.097212874 0.017276590 0.999687656 0.018058501 1.006786441 -0.403479341 -0.009554663 0.914938877 52.291769690 0.000000000 0.000000000 0.000000000 1.000000000
139 0.920889369 -0.020395560 0.389290088 -10.852830263 0.014814719 0.999740013 0.017332947 1.020876433 -0.389542439 -0.010194504 0.920952105 52.892996199 0.000000000 0.000000000 0.000000000 1.000000000
140 0.926564472 -0.017994674 0.375705276 -10.635837424 0.013112365 0.999793140 0.015548100 1.033710569 -0.375907384 -0.009479934 0.926608756 53.446357425 0.000000000 0.000000000 0.000000000 1.000000000
141 0.932044037 -0.019341373 0.361828425 -10.418938332 0.015215963 0.999782715 0.014247709 1.046289113 -0.362025417 -0.007773925 0.932135816 54.007036803 0.000000000 0.000000000 0.000000000 1.000000000
142 0.937538268 -0.018215178 0.347404935 -10.199823649 0.014759914 0.999811803 0.012589830 1.058537316 -0.347568921 -0.006675781 0.937630681 54.635957329 0.000000000 0.000000000 0.000000000 1.000000000
143 0.942303256 -0.015975500 0.334379041 -10.006398087 0.012904113 0.999851696 0.011404860 1.072257882 -0.334511688 -0.006431972 0.942369659 55.217541377 0.000000000 0.000000000 0.000000000 1.000000000
144 0.947045537 -0.013275325 0.320824724 -9.823776154 0.010322550 0.999887280 0.010902860 1.082772903 -0.320933337 -0.007013776 0.947075822 55.801367809 0.000000000 0.000000000 0.000000000 1.000000000
145 0.951276680 -0.012288194 0.308093602 -9.640775295 0.009040518 0.999887531 0.011966427 1.095004828 -0.308206033 -0.008598058 0.951280782 56.397176441 0.000000000 0.000000000 0.000000000 1.000000000
146 0.955510712 -0.012199114 0.294704004 -9.445891794 0.008430715 0.999865692 0.014054237 1.109003239 -0.294835907 -0.010944409 0.955485227 57.060366636 0.000000000 0.000000000 0.000000000 1.000000000
147 0.959246308 -0.011199643 0.282349216 -9.273500491 0.006750818 0.999837347 0.016724418 1.124343710 -0.282490631 -0.014136747 0.959165890 57.671895072 0.000000000 0.000000000 0.000000000 1.000000000
148 0.962804743 -0.010404252 0.269997720 -9.092728035 0.005486899 0.999805169 0.018960953 1.141505978 -0.270142422 -0.016774244 0.962674247 58.349623243 0.000000000 0.000000000 0.000000000 1.000000000
149 0.965681169 -0.009313610 0.259563341 -8.925322305 0.004743725 0.999822623 0.018226894 1.162169334 -0.259687089 -0.016370071 0.965554061 58.969803240 0.000000000 0.000000000 0.000000000 1.000000000
150 0.968333351 -0.008109795 0.249529045 -8.762843294 0.004281382 0.999864715 0.015881496 1.182467344 -0.249624113 -0.014310253 0.968237072 59.593692732 0.000000000 0.000000000 0.000000000 1.000000000
151 0.970599934 -0.005851285 0.240627354 -8.607004263 0.003008890 0.999921317 0.012178153 1.204665094 -0.240679706 -0.011096093 0.970541170 60.221719379 0.000000000 0.000000000 0.000000000 1.000000000
152 0.972677183 -0.004596837 0.232116263 -8.439356230 0.002763316 0.999962367 0.008223683 1.227302629 -0.232145358 -0.007357579 0.972653281 60.914025930 0.000000000 0.000000000 0.000000000 1.000000000
153 0.974308163 -0.005532565 0.225151034 -8.287460459 0.003948530 0.999964190 0.007485123 1.245893104 -0.225184410 -0.006403801 0.974295119 61.549341785 0.000000000 0.000000000 0.000000000 1.000000000
