0 1.000000000 0.000000000 0.000000000 -0.000000000 0.000000000 1.000000000 -0.000000000 0.000000000 -0.000000000 0.000000000 1.000000000 -0.000000001 0.000000000 0.000000000 0.000000000 1.000000000
1 0.999999997 -0.000060294 0.000046909 0.004326283 0.000060282 0.999999965 0.000259448 -0.000506257 -0.000046924 -0.000259445 0.999999965 0.378205313 0.000000000 0.000000000 0.000000000 1.000000000
2 0.999999955 0.000273263 -0.000126057 0.006956811 -0.000273191 0.999999802 0.000566048 0.000383845 0.000126211 -0.000566013 0.999999832 0.719524242 0.000000000 0.000000000 0.000000000 1.000000000
3 0.999999964 0.000269421 0.000018512 0.010361075 -0.000269425 0.999999935 0.000240256 0.000909682 -0.000018447 -0.000240261 0.999999971 1.058156704 0.000000000 0.000000000 0.000000000 1.000000000
4 0.999999986 0.000153277 0.000069536 0.014589127 -0.000153285 0.999999981 0.000121081 0.002094531 -0.000069517 -0.000121091 0.999999990 1.428176470 0.000000000 0.000000000 0.000000000 1.000000000
5 0.999999936 -0.000071687 0.000350501 0.018606120 0.000071524 0.999999890 0.000464030 0.003310454 -0.000350534 -0.000464005 0.999999831 1.761953229 0.000000000 0.000000000 0.000000000 1.000000000
6 0.999999861 -0.000251953 0.000462849 0.024015406 0.000251836 0.999999936 0.000253549 0.002704407 -0.000462913 -0.000253432 0.999999861 2.092903971 0.000000000 0.000000000 0.000000000 1.000000000
7 0.999999959 -0.000077250 0.000275037 0.028360187 0.000077278 0.999999992 -0.000101315 0.002103445 -0.000275029 0.000101336 0.999999957 2.452997525 0.000000000 0.000000000 0.000000000 1.000000000
8 0.999999977 0.000197978 -0.000080214 0.032130329 -0.000197962 0.999999960 0.000201850 0.001726119 0.000080254 -0.000201834 0.999999976 2.777639601 0.000000000 0.000000000 0.000000000 1.000000000
9 0.999999701 0.000589652 -0.000501250 0.034678347 -0.000589554 0.999999807 0.000197305 0.001866699 0.000501367 -0.000197010 0.999999855 3.130830987 0.000000000 0.000000000 0.000000000 1.000000000
10 0.999999624 0.000544760 -0.000674915 0.037618426 -0.000544643 0.999999837 0.000173296 0.002202223 0.000675009 -0.000172928 0.999999757 3.448446233 0.000000000 0.000000000 0.000000000 1.000000000
11 0.999999422 0.000431362 -0.000984597 0.041007510 -0.000431066 0.999999862 0.000300630 0.001500683 0.000984727 -0.000300206 0.999999470 3.763120219 0.000000000 0.000000000 0.000000000 1.000000000
12 0.999998999 0.000211276 -0.001399260 0.044110850 -0.000210486 0.999999818 0.000565137 0.001495876 0.001399379 -0.000564842 0.999998861 4.105892061 0.000000000 0.000000000 0.000000000 1.000000000
13 0.999998284 0.000150765 -0.001846560 0.046714904 -0.000150076 0.999999919 0.000373464 0.001813850 0.001846617 -0.000373186 0.999998225 4.413563207 0.000000000 0.000000000 0.000000000 1.000000000
14 0.999997245 -0.000088896 -0.002345766 0.049570000 0.000088528 0.999999984 -0.000157012 0.001586676 0.002345780 0.000156804 0.999997236 4.717692945 0.000000000 0.000000000 0.000000000 1.000000000
15 0.999995817 0.000255497 -0.002881035 0.051067809 -0.000255909 0.999999957 -0.000142318 0.001862370 0.002880999 0.000143055 0.999995840 5.049058260 0.000000000 0.000000000 0.000000000 1.000000000
16 0.999994832 0.000798870 -0.003114172 0.051760380 -0.000798974 0.999999680 -0.000032317 0.002651580 0.003114146 0.000034805 0.999995150 5.346957022 0.000000000 0.000000000 0.000000000 1.000000000
17 0.999993837 0.001024082 -0.003358082 0.052734086 -0.001023851 0.999999473 0.000070468 0.003298562 0.003358153 -0.000067029 0.999994359 5.641531011 0.000000000 0.000000000 0.000000000 1.000000000
18 0.999992664 0.001136242 -0.003658000 0.054579374 -0.001136349 0.999999354 -0.000027021 0.003410367 0.003657967 0.000031178 0.999993309 5.962694455 0.000000000 0.000000000 0.000000000 1.000000000
19 0.999992375 0.000972820 -0.003782005 0.056988658 -0.000973631 0.999999503 -0.000212313 0.003871307 0.003781797 0.000215993 0.999992826 6.251341318 0.000000000 0.000000000 0.000000000 1.000000000
20 0.999991938 0.000961318 -0.003898634 0.058803790 -0.000962698 0.999999475 -0.000351952 0.005164218 0.003898294 0.000355702 0.999992338 6.565874537 0.000000000 0.000000000 0.000000000 1.000000000
21 0.999990997 0.001060692 -0.004108620 0.059603292 -0.001062300 0.999999360 -0.000389090 0.006209774 0.004108205 0.000393451 0.999991484 6.848275888 0.000000000 0.000000000 0.000000000 1.000000000
22 0.999991239 0.000909469 -0.004086004 0.060972840 -0.000911465 0.999999466 -0.000486633 0.006647469 0.004085560 0.000490353 0.999991534 7.127754299 0.000000000 0.000000000 0.000000000 1.000000000
23 0.999991401 0.000905009 -0.004047120 0.062278629 -0.000907815 0.999999349 -0.000691342 0.005994662 0.004046492 0.000695010 0.999991571 7.430946575 0.000000000 0.000000000 0.000000000 1.000000000
24 0.999990967 0.001044312 -0.004120042 0.063118922 -0.001045750 0.999999393 -0.000346638 0.005624711 0.004119678 0.000350944 0.999991453 7.704093045 0.000000000 0.000000000 0.000000000 1.000000000
25 0.999990552 0.001393385 -0.004117605 0.063544247 -0.001392747 0.999999018 0.000157898 0.005909560 0.004117821 -0.000152161 0.999991510 7.974566484 0.000000000 0.000000000 0.000000000 1.000000000
26 0.999989376 0.001902389 -0.004198698 0.063658104 -0.001902107 0.999998188 0.000071239 0.006333573 0.004198826 -0.000063252 0.999991183 8.268175967 0.000000000 0.000000000 0.000000000 1.000000000
27 0.999988804 0.002144607 -0.004218023 0.063939967 -0.002145953 0.999997648 -0.000314639 0.007161755 0.004217339 0.000323687 0.999991055 8.532255037 0.000000000 0.000000000 0.000000000 1.000000000
28 0.999988651 0.002418021 -0.004105031 0.063730427 -0.002417642 0.999997073 0.000097372 0.008344155 0.004105254 -0.000087446 0.999991570 8.793718376 0.000000000 0.000000000 0.000000000 1.000000000
29 0.999989824 0.002102265 -0.003991554 0.065742882 -0.002100265 0.999997667 0.000505198 0.008430974 0.003992607 -0.000496810 0.999991906 9.079036277 0.000000000 0.000000000 0.000000000 1.000000000
30 0.999990761 0.001952032 -0.003829899 0.066583591 -0.001951888 0.999998094 0.000041684 0.009219738 0.003829974 -0.000034208 0.999992665 9.334601337 0.000000000 0.000000000 0.000000000 1.000000000
31 0.999992250 0.001741279 -0.003531063 0.067734206 -0.001741142 0.999998483 0.000042191 0.010204001 0.003531131 -0.000036043 0.999993765 9.613119815 0.000000000 0.000000000 0.000000000 1.000000000
32 0.999992227 0.001881714 -0.003464924 0.068671246 -0.001881018 0.999998210 0.000204064 0.010895994 0.003465302 -0.000197545 0.999993976 9.864114248 0.000000000 0.000000000 0.000000000 1.000000000
33 0.999992172 0.002253495 -0.003252431 0.069355668 -0.002252840 0.999997441 0.000205427 0.011639254 0.003252886 -0.000198098 0.999994690 10.113559010 0.000000000 0.000000000 0.000000000 1.000000000
34 0.999991242 0.002682751 -0.003212434 0.070592304 -0.002685672 0.999995984 -0.000905077 0.011536862 0.003209994 0.000913697 0.999994431 10.389500751 0.000000000 0.000000000 0.000000000 1.000000000
35 0.999991123 0.002635289 -0.003287714 0.072197892 -0.002640968 0.999995027 -0.001723958 0.012328066 0.003283155 0.001732625 0.999993109 10.643972906 0.000000000 0.000000000 0.000000000 1.000000000
36 0.999991614 0.002368908 -0.003340743 0.074082650 -0.002376578 0.999994545 -0.002293742 0.013050878 0.003335292 0.002301662 0.999991789 10.902780627 0.000000000 0.000000000 0.000000000 1.000000000
37 0.999990856 0.002283449 -0.003615776 0.075477366 -0.002292616 0.999994164 -0.002533125 0.013954194 0.003609971 0.002541391 0.999990255 11.193597537 0.000000000 0.000000000 0.000000000 1.000000000
38 0.999990179 0.002386723 -0.003734374 0.076465842 -0.002396758 0.999993524 -0.002684831 0.015118654 0.003727942 0.002693755 0.999989423 11.463535129 0.000000000 0.000000000 0.000000000 1.000000000
39 0.999988438 0.002344872 -0.004198201 0.077593522 -0.002357918 0.999992399 -0.003105137 0.016663243 0.004190888 0.003115000 0.999986367 11.740285089 0.000000000 0.000000000 0.000000000 1.000000000
40 0.999985533 0.002253972 -0.004883901 0.078855793 -0.002271290 0.999991143 -0.003543325 0.017594056 0.004875872 0.003554366 0.999981796 12.052939737 0.000000000 0.000000000 0.000000000 1.000000000
41 0.999981653 0.002129888 -0.005670735 0.079720151 -0.002151522 0.999990422 -0.003811536 0.018915170 0.005662563 0.003823666 0.999976657 12.346183175 0.000000000 0.000000000 0.000000000 1.000000000
42 0.999975497 0.002293748 -0.006613974 0.079763115 -0.002319252 0.999989895 -0.003851004 0.020123188 0.006605075 0.003866248 0.999970712 12.679308312 0.000000000 0.000000000 0.000000000 1.000000000
43 0.999969029 0.002703414 -0.007391360 0.078541556 -0.002735087 0.999987108 -0.004278270 0.021638871 0.007379700 0.004298353 0.999963531 12.993160197 0.000000000 0.000000000 0.000000000 1.000000000
44 0.999963747 0.002820362 -0.008034319 0.077841323 -0.002859004 0.999984383 -0.004802073 0.022975070 0.008020651 0.004824868 0.999956194 13.317717646 0.000000000 0.000000000 0.000000000 1.000000000
45 0.999957140 0.002514257 -0.008910528 0.077147565 -0.002561465 0.999982725 -0.005290472 0.025046779 0.008897073 0.005313069 0.999946305 13.688230671 0.000000000 0.000000000 0.000000000 1.000000000
46 0.999951282 0.002585663 -0.009526162 0.076078264 -0.002639560 0.999980558 -0.005649530 0.027250075 0.009511370 0.005674399 0.999938666 14.038247817 0.000000000 0.000000000 0.000000000 1.000000000
47 0.999943661 0.002831840 -0.010230151 0.074401132 -0.002892304 0.999978410 -0.005900342 0.029595258 0.010213222 0.005929597 0.999930263 14.400809328 0.000000000 0.000000000 0.000000000 1.000000000
48 0.999938225 0.002676724 -0.010788053 0.072963584 -0.002740648 0.999978751 -0.005914982 0.032284874 0.010771992 0.005944182 0.999924313 14.815368387 0.000000000 0.000000000 0.000000000 1.000000000
49 0.999936782 0.002417229 -0.010981330 0.072088301 -0.002485634 0.999977567 -0.006219839 0.034322161 0.010966050 0.006246741 0.999920359 15.204783108 0.000000000 0.000000000 0.000000000 1.000000000
50 0.999936360 0.002661299 -0.010963268 0.070536657 -0.002731060 0.999976090 -0.006353082 0.036659802 0.010946099 0.006382618 0.999919719 15.607793340 0.000000000 0.000000000 0.000000000 1.000000000
51 0.999933304 0.003181307 -0.011102585 0.068494119 -0.003251178 0.999974991 -0.006280749 0.039329483 0.011082328 0.006316426 0.999918639 16.066091227 0.000000000 0.000000000 0.000000000 1.000000000
52 0.999930162 0.003060574 -0.011415092 0.067893604 -0.003133371 0.999974835 -0.006364783 0.040432488 0.011395326 0.006400106 0.999914589 16.496434559 0.000000000 0.000000000 0.000000000 1.000000000
53 0.999931481 0.002904980 -0.011339967 0.067304559 -0.002981782 0.999972695 -0.006761551 0.041231090 0.011320017 0.006794900 0.999912839 16.984429636 0.000000000 0.000000000 0.000000000 1.000000000
54 0.999935111 0.002710316 -0.011064735 0.066629150 -0.002789763 0.999970396 -0.007171046 0.042494924 0.011044973 0.007201448 0.999913070 17.442180184 0.000000000 0.000000000 0.000000000 1.000000000
55 0.999934641 0.002651359 -0.011121361 0.065290656 -0.002729664 0.999971552 -0.007031635 0.045455453 0.011102402 0.007061532 0.999913432 17.913865072 0.000000000 0.000000000 0.000000000 1.000000000
56 0.999929092 0.003185530 -0.011474499 0.062935123 -0.003270474 0.999967334 -0.007391604 0.048411821 0.011450580 0.007428606 0.999906846 18.446829608 0.000000000 0.000000000 0.000000000 1.000000000
57 0.999927976 0.003574188 -0.011457230 0.060783316 -0.003661739 0.999964189 -0.007629661 0.050415410 0.011429552 0.007671064 0.999905256 18.945399140 0.000000000 0.000000000 0.000000000 1.000000000
58 0.999931234 0.003276981 -0.011260029 0.058933852 -0.003366653 0.999962699 -0.007953982 0.052686228 0.011233546 0.007991342 0.999904968 19.455945116 0.000000000 0.000000000 0.000000000 1.000000000
59 0.999930625 0.003184593 -0.011340348 0.057009467 -0.003272706 0.999964537 -0.007759735 0.054981579 0.011315236 0.007796310 0.999905587 20.033217034 0.000000000 0.000000000 0.000000000 1.000000000
60 0.999927534 0.003054923 -0.011644535 0.055122927 -0.003139132 0.999969007 -0.007220130 0.057286001 0.011622118 0.007256159 0.999906133 20.571286594 0.000000000 0.000000000 0.000000000 1.000000000
61 0.999928132 0.003204391 -0.011552620 0.052146072 -0.003284226 0.999970815 -0.006898098 0.060018724 0.011530180 0.006935543 0.999909472 21.121916318 0.000000000 0.000000000 0.000000000 1.000000000
62 0.999930370 0.003284618 -0.011334287 0.048678758 -0.003363291 0.999970338 -0.006929087 0.063501598 0.011311193 0.006966724 0.999911757 21.740533795 0.000000000 0.000000000 0.000000000 1.000000000
63 0.999925899 0.003821191 -0.011558310 0.046244747 -0.003885668 0.999976988 -0.005560994 0.066189685 0.011536796 0.005605493 0.999917737 22.316273404 0.000000000 0.000000000 0.000000000 1.000000000
64 0.999927008 0.003344364 -0.011610059 0.044258202 -0.003381863 0.999989124 -0.003211644 0.068603091 0.011599193 0.003250673 0.999927443 22.958178757 0.000000000 0.000000000 0.000000000 1.000000000
65 0.999928807 0.003008314 -0.011546935 0.042527383 -0.003019838 0.999994959 -0.000980726 0.070910729 0.011543928 0.001015526 0.999932851 23.544017600 0.000000000 0.000000000 0.000000000 1.000000000
66 0.999924804 0.002911292 -0.011912659 0.040492175 -0.002901733 0.999995454 0.000819651 0.074192571 0.011914992 -0.000785021 0.999928706 24.128531874 0.000000000 0.000000000 0.000000000 1.000000000
67 0.999920077 0.003119189 -0.012251915 0.037729520 -0.003092529 0.999992810 0.002194438 0.078253368 0.012258673 -0.002156372 0.999922534 24.769489898 0.000000000 0.000000000 0.000000000 1.000000000
68 0.999919356 0.003223707 -0.012283688 0.035019948 -0.003193938 0.999991917 0.002442310 0.081996622 0.012291464 -0.002402880 0.999921570 25.349223121 0.000000000 0.000000000 0.000000000 1.000000000
69 0.999914808 0.003302041 -0.012628245 0.032324068 -0.003270015 0.999991387 0.002555912 0.085217200 0.012636578 -0.002514399 0.999916994 25.927206511 0.000000000 0.000000000 0.000000000 1.000000000
70 0.999909017 0.003213187 -0.013100865 0.030026458 -0.003179491 0.999991586 0.002592087 0.088092515 0.013109085 -0.002550197 0.999910820 26.561136295 0.000000000 0.000000000 0.000000000 1.000000000
71 0.999908145 0.002941766 -0.013230541 0.028076374 -0.002906343 0.999992143 0.002695799 0.091305511 0.013238369 -0.002657098 0.999908839 27.135636048 0.000000000 0.000000000 0.000000000 1.000000000
72 0.999905155 0.003278339 -0.013376625 0.025213054 -0.003238065 0.999990163 0.003031407 0.094924288 0.013386433 -0.002987804 0.999905934 27.708644541 0.000000000 0.000000000 0.000000000 1.000000000
73 0.999896622 0.003806673 -0.013865600 0.021264773 -0.003759140 0.999986974 0.003452654 0.098955756 0.013878564 -0.003400174 0.999897907 28.336086749 0.000000000 0.000000000 0.000000000 1.000000000
74 0.999895032 0.003621512 -0.014028870 0.018926471 -0.003578028 0.999988720 0.003123561 0.101723039 0.014040025 -0.003073037 0.999896712 28.903730962 0.000000000 0.000000000 0.000000000 1.000000000
75 0.999893551 0.003435242 -0.014180485 0.016114310 -0.003389107 0.999988890 0.003276213 0.104804927 0.014191583 -0.003227804 0.999894085 29.524964400 0.000000000 0.000000000 0.000000000 1.000000000
76 0.999885387 0.003809935 -0.014652561 0.013282858 -0.003756895 0.999986297 0.003645704 0.107664024 0.014666252 -0.003590237 0.999885999 30.087263872 0.000000000 0.000000000 0.000000000 1.000000000
77 0.999880946 0.003963987 -0.014912422 0.010218646 -0.003910905 0.999985919 0.003587088 0.111173418 0.014926433 -0.003528339 0.999882369 30.645870220 0.000000000 0.000000000 0.000000000 1.000000000
78 0.999878914 0.004088419 -0.015014722 0.006827466 -0.004039845 0.999986513 0.003264071 0.114661461 0.015027867 -0.003203018 0.999881945 31.256686087 0.000000000 0.000000000 0.000000000 1.000000000
79 0.999872989 0.004327839 -0.015338708 0.003856218 -0.004273910 0.999984576 0.003546972 0.117097215 0.015353824 -0.003480964 0.999876064 31.808961084 0.000000000 0.000000000 0.000000000 1.000000000
80 0.999865523 0.004364597 -0.015807761 0.000871928 -0.004306437 0.999983840 0.003711447 0.120118205 0.015823706 -0.003642872 0.999868161 32.358134789 0.000000000 0.000000000 0.000000000 1.000000000
81 0.999866135 0.003922307 -0.015884812 -0.002594942 -0.003879036 0.999988684 0.002753984 0.123492980 0.015895436 -0.002691997 0.999870036 32.957472338 0.000000000 0.000000000 0.000000000 1.000000000
82 0.999863006 0.004009287 -0.016059110 -0.005346727 -0.003976894 0.999989994 0.002048642 0.126018097 0.016067165 -0.001984496 0.999868945 33.500053164 0.000000000 0.000000000 0.000000000 1.000000000
83 0.999854513 0.003968936 -0.016589181 -0.008904390 -0.003938004 0.999990447 0.001896902 0.129051869 0.016596553 -0.001831297 0.999860591 34.093676030 0.000000000 0.000000000 0.000000000 1.000000000
84 0.999853184 0.003542089 -0.016764962 -0.011844502 -0.003520904 0.999992966 0.001293021 0.131545318 0.016769426 -0.001233803 0.999858622 34.630264069 0.000000000 0.000000000 0.000000000 1.000000000
85 0.999851993 0.003857387 -0.016766414 -0.016043832 -0.003843483 0.999992243 0.000861487 0.133723703 0.016769609 -0.000796917 0.999859063 35.164447066 0.000000000 0.000000000 0.000000000 1.000000000
86 0.999849768 0.004147625 -0.016829716 -0.020854054 -0.004131215 0.999990957 0.001009725 0.136242390 0.016833754 -0.000940046 0.999857860 35.750865138 0.000000000 0.000000000 0.000000000 1.000000000
87 0.999847226 0.004384666 -0.016920386 -0.025921438 -0.004365248 0.999989771 0.001184462 0.139537173 0.016925408 -0.001110420 0.999856138 36.282002541 0.000000000 0.000000000 0.000000000 1.000000000
88 0.999855364 0.003991127 -0.016532427 -0.028878035 -0.003977641 0.999991729 0.000848617 0.141889761 0.016535679 -0.000782734 0.999862970 36.811458558 0.000000000 0.000000000 0.000000000 1.000000000
89 0.999857119 0.003932855 -0.016440042 -0.033044464 -0.003927018 0.999992214 0.000387348 0.144860931 0.016441439 -0.000322733 0.999864778 37.391610167 0.000000000 0.000000000 0.000000000 1.000000000
90 0.999856277 0.004033104 -0.016466925 -0.037465394 -0.004027868 0.999991826 0.000351185 0.147774098 0.016468208 -0.000284807 0.999864349 37.917385941 0.000000000 0.000000000 0.000000000 1.000000000
91 0.999859385 0.004250527 -0.016221693 -0.041641809 -0.004244865 0.999990917 0.000383513 0.150635437 0.016223177 -0.000314600 0.999868346 38.441492281 0.000000000 0.000000000 0.000000000 1.000000000
92 0.999865427 0.004092009 -0.015886560 -0.045913391 -0.004086823 0.999991584 0.000358915 0.154023570 0.015887896 -0.000293941 0.999873736 39.015738659 0.000000000 0.000000000 0.000000000 1.000000000
93 0.999862468 0.004571606 -0.015941964 -0.050109148 -0.004559187 0.999989274 0.000815330 0.157031300 0.015945522 -0.000742535 0.999872586 39.536340836 0.000000000 0.000000000 0.000000000 1.000000000
94 0.999863553 0.004627014 -0.015857700 -0.054351572 -0.004608383 0.999988648 0.001211294 0.159644090 0.015863127 -0.001138050 0.999873525 40.106166161 0.000000000 0.000000000 0.000000000 1.000000000
95 0.999869226 0.004327007 -0.015582302 -0.057929240 -0.004311713 0.999990189 0.001015048 0.161368771 0.015586543 -0.000947729 0.999878073 40.621782183 0.000000000 0.000000000 0.000000000 1.000000000
96 0.999873334 0.004102231 -0.015378173 -0.061765550 -0.004085167 0.999991005 0.001140946 0.163713991 0.015382717 -0.001077979 0.999881098 41.135420676 0.000000000 0.000000000 0.000000000 1.000000000
97 0.999873647 0.004017820 -0.015380111 -0.065096566 -0.004001557 0.999991402 0.001088091 0.166531612 0.015384352 -0.001026409 0.999881127 41.698306550 0.000000000 0.000000000 0.000000000 1.000000000
98 0.999873310 0.004314505 -0.015321495 -0.069969279 -0.004303262 0.999990447 0.000766756 0.169120934 0.015324659 -0.000700726 0.999882325 42.206848748 0.000000000 0.000000000 0.000000000 1.000000000
99 0.999877359 0.004339881 -0.015047693 -0.073776738 -0.004329199 0.999990353 0.000742437 0.171606185 0.015050772 -0.000677201 0.999886501 42.714231388 0.000000000 0.000000000 0.000000000 1.000000000
100 0.999878597 0.004409295 -0.014944849 -0.077698180 -0.004392669 0.999989696 0.001145241 0.173879907 0.014949746 -0.001079454 0.999887664 43.269124858 0.000000000 0.000000000 0.000000000 1.000000000
101 0.999875852 0.004330785 -0.015150073 -0.080944814 -0.004309932 0.999989720 0.001408864 0.175337595 0.015156020 -0.001343393 0.999884238 43.771038149 0.000000000 0.000000000 0.000000000 1.000000000
102 0.999878445 0.003569380 -0.015177447 -0.083380248 -0.003546090 0.999992494 0.001561175 0.175898061 0.015182908 -0.001507164 0.999883597 44.320085930 0.000000000 0.000000000 0.000000000 1.000000000
103 0.999876077 0.003503314 -0.015347863 -0.086688408 -0.003474076 0.999992100 0.001931306 0.176883182 0.015354509 -0.001877746 0.999880349 44.816752113 0.000000000 0.000000000 0.000000000 1.000000000
104 0.999869653 0.003807987 -0.015689981 -0.091683051 -0.003771929 0.999990178 0.002327161 0.179782816 0.015698690 -0.002267676 0.999874196 45.310447702 0.000000000 0.000000000 0.000000000 1.000000000
105 0.999859933 0.004101543 -0.016226240 -0.097244872 -0.004067182 0.999989417 0.002150126 0.182548736 0.016234890 -0.002083829 0.999866034 45.849936602 0.000000000 0.000000000 0.000000000 1.000000000
106 0.999855282 0.003858071 -0.016568981 -0.101284432 -0.003827512 0.999990916 0.001875681 0.184296733 0.016576069 -0.001811991 0.999860966 46.337578725 0.000000000 0.000000000 0.000000000 1.000000000
107 0.999846870 0.003495241 -0.017146994 -0.105602723 -0.003451829 0.999990764 0.002560765 0.185255340 0.017155788 -0.002501184 0.999849700 46.823452190 0.000000000 0.000000000 0.000000000 1.000000000
108 0.999829167 0.003575573 -0.018134306 -0.111555692 -0.003518921 0.999988831 0.003155019 0.186577526 0.018145387 -0.003090667 0.999830582 47.354560808 0.000000000 0.000000000 0.000000000 1.000000000
109 0.999813244 0.003787184 -0.018950864 -0.118757034 -0.003727845 0.999988041 0.003165605 0.189208160 0.018962628 -0.003094367 0.999815405 47.834546879 0.000000000 0.000000000 0.000000000 1.000000000
110 0.999801955 0.003454767 -0.019598856 -0.124947603 -0.003399166 0.999990105 0.002869645 0.191642610 0.019608578 -0.002802457 0.999803806 48.311204946 0.000000000 0.000000000 0.000000000 1.000000000
111 0.999785188 0.003343131 -0.020454873 -0.132462490 -0.003284100 0.999990347 0.002918860 0.194578897 0.020464436 -0.002851057 0.999786516 48.832625865 0.000000000 0.000000000 0.000000000 1.000000000
112 0.999764922 0.003779818 -0.021349806 -0.140318208 -0.003709386 0.999987550 0.003337634 0.197245533 0.021362158 -0.003257654 0.999766496 49.304930724 0.000000000 0.000000000 0.000000000 1.000000000
113 0.999741367 0.003899818 -0.022405126 -0.149086472 -0.003823498 0.999986745 0.003448251 0.199225232 0.022418280 -0.003361692 0.999743027 49.821269068 0.000000000 0.000000000 0.000000000 1.000000000
114 0.999725754 0.003696429 -0.023124713 -0.156952674 -0.003623273 0.999988301 0.003204680 0.201553507 0.023136291 -0.003120013 0.999727452 50.287378051 0.000000000 0.000000000 0.000000000 1.000000000
115 0.999707746 0.003618610 -0.023902476 -0.164444195 -0.003541559 0.999988398 0.003265149 0.203389042 0.023914016 -0.003179542 0.999708963 50.751288455 0.000000000 0.000000000 0.000000000 1.000000000
116 0.999678030 0.003981923 -0.025059558 -0.173839931 -0.003899354 0.999986810 0.003342940 0.204682818 0.025072541 -0.003244147 0.999680371 51.258489381 0.000000000 0.000000000 0.000000000 1.000000000
117 0.999655848 0.004049219 -0.025918917 -0.182657733 -0.003963818 0.999986548 0.003345496 0.205894490 0.025932118 -0.003241606 0.999658450 51.716502960 0.000000000 0.000000000 0.000000000 1.000000000
118 0.999641232 0.003782443 -0.026516030 -0.191165480 -0.003701872 0.999988383 0.003087029 0.207266671 0.026527401 -0.002987762 0.999643622 52.171418900 0.000000000 0.000000000 0.000000000 1.000000000
119 0.999618406 0.003993547 -0.027333013 -0.201489711 -0.003904169 0.999986859 0.003322592 0.209820320 0.027345926 -0.003214610 0.999620861 52.667673822 0.000000000 0.000000000 0.000000000 1.000000000
120 0.999590233 0.004331936 -0.028294885 -0.211533482 -0.004241640 0.999985721 0.003250529 0.211404927 0.028308566 -0.003129180 0.999594334 53.115115526 0.000000000 0.000000000 0.000000000 1.000000000
121 0.999564224 0.004455480 -0.029180668 -0.221238979 -0.004358723 0.999984793 0.003378581 0.212519889 0.029195281 -0.003249918 0.999568444 53.559176169 0.000000000 0.000000000 0.000000000 1.000000000
122 0.999544862 0.004577944 -0.029817952 -0.231982343 -0.004474853 0.999983781 0.003523191 0.213035173 0.029833601 -0.003388156 0.999549137 54.043900430 0.000000000 0.000000000 0.000000000 1.000000000
123 0.999526631 0.004789745 -0.030390328 -0.242005231 -0.004677207 0.999981943 0.003773139 0.214145754 0.030407855 -0.003629211 0.999530986 54.479517617 0.000000000 0.000000000 0.000000000 1.000000000
124 0.999508160 0.005431970 -0.030885791 -0.253432345 -0.005297405 0.999976125 0.004437068 0.216606343 0.030909160 -0.004271270 0.999513072 54.954229427 0.000000000 0.000000000 0.000000000 1.000000000
125 0.999495949 0.005767288 -0.031218349 -0.263692971 -0.005636148 0.999974927 0.004287149 0.218422647 0.031242296 -0.004109036 0.999503394 55.379696236 0.000000000 0.000000000 0.000000000 1.000000000
126 0.999489950 0.006067501 -0.031353218 -0.273150535 -0.005948218 0.999974718 0.003896423 0.219474001 0.031376071 -0.003707939 0.999500772 55.800729279 0.000000000 0.000000000 0.000000000 1.000000000
127 0.999495009 0.005801036 -0.031242194 -0.282011083 -0.005683416 0.999976429 0.003852315 0.220655210 0.031263809 -0.003672807 0.999504420 56.259901087 0.000000000 0.000000000 0.000000000 1.000000000
128 0.999496549 0.005916256 -0.031171233 -0.290881095 -0.005786157 0.999974176 0.004262276 0.222333105 0.031195648 -0.004079768 0.999504971 56.673362768 0.000000000 0.000000000 0.000000000 1.000000000
129 0.999493072 0.006391337 -0.031188951 -0.300209253 -0.006260720 0.999971226 0.004283824 0.224550642 0.031215437 -0.004086386 0.999504326 57.082471365 0.000000000 0.000000000 0.000000000 1.000000000
130 0.999492427 0.006901614 -0.031100746 -0.310809946 -0.006783444 0.999969373 0.003903574 0.227479168 0.031126738 -0.003690622 0.999508632 57.527566395 0.000000000 0.000000000 0.000000000 1.000000000
131 0.999500941 0.006841443 -0.030839315 -0.318842610 -0.006736026 0.999971114 0.003520927 0.229187932 0.030862516 -0.003311435 0.999518154 57.928469665 0.000000000 0.000000000 0.000000000 1.000000000
132 0.999508242 0.006694996 -0.030634145 -0.327481799 -0.006586398 0.999971668 0.003644595 0.230772170 0.030657681 -0.003441033 0.999524020 58.365401886 0.000000000 0.000000000 0.000000000 1.000000000
133 0.999509952 0.006755813 -0.030564938 -0.335597002 -0.006633788 0.999969624 0.004092026 0.232520503 0.030591658 -0.003887258 0.999524407 58.758845731 0.000000000 0.000000000 0.000000000 1.000000000
134 0.999506089 0.007048336 -0.030625132 -0.344410433 -0.006929793 0.999968087 0.003975249 0.234367050 0.030652177 -0.003761059 0.999523036 59.147614413 0.000000000 0.000000000 0.000000000 1.000000000
135 0.999501382 0.007419001 -0.030691146 -0.354310067 -0.007291195 0.999964284 0.004274151 0.236927075 0.030721763 -0.004048244 0.999519777 59.572281707 0.000000000 0.000000000 0.000000000 1.000000000
136 0.999497318 0.007530711 -0.030796113 -0.362978138 -0.007399663 0.999963086 0.004367144 0.238311540 0.030827867 -0.004137068 0.999516147 59.953023291 0.000000000 0.000000000 0.000000000 1.000000000
137 0.999488894 0.007769099 -0.031009540 -0.372132512 -0.007650800 0.999963002 0.003931824 0.239976199 0.031038943 -0.003692566 0.999511355 60.329819605 0.000000000 0.000000000 0.000000000 1.000000000
138 0.999476085 0.007619198 -0.031456381 -0.381353855 -0.007514414 0.999965822 0.003448024 0.240735256 0.031481581 -0.003209840 0.999499178 60.739862709 0.000000000 0.000000000 0.000000000 1.000000000
139 0.999455913 0.007680080 -0.032076397 -0.390138121 -0.007564865 0.999964497 0.003711786 0.242580243 0.032103768 -0.003467112 0.999478528 61.110153241 0.000000000 0.000000000 0.000000000 1.000000000
140 0.999449787 0.007649437 -0.032273981 -0.398242041 -0.007526824 0.999963994 0.003918993 0.243856441 0.032302801 -0.003673915 0.999471376 61.477279400 0.000000000 0.000000000 0.000000000 1.000000000
141 0.999444464 0.007445898 -0.032485711 -0.407143156 -0.007338444 0.999967205 0.003425775 0.244361051 0.032510157 -0.003185477 0.999466329 61.875806868 0.000000000 0.000000000 0.000000000 1.000000000
142 0.999429624 0.007796313 -0.032857938 -0.417323111 -0.007689777 0.999964763 0.003367508 0.246708396 0.032883038 -0.003112916 0.999454359 62.235311603 0.000000000 0.000000000 0.000000000 1.000000000
143 0.999416658 0.007941648 -0.033215582 -0.427672207 -0.007837788 0.999963983 0.003255950 0.249556225 0.033240247 -0.002993714 0.999442907 62.627056828 0.000000000 0.000000000 0.000000000 1.000000000
144 0.999402283 0.008216801 -0.033579185 -0.437060424 -0.008135706 0.999963651 0.002551035 0.251106177 0.033598930 -0.002276320 0.999432804 62.980059380 0.000000000 0.000000000 0.000000000 1.000000000
145 0.999401130 0.008019901 -0.033661005 -0.445761177 -0.007943596 0.999965569 0.002400052 0.252418940 0.033679098 -0.002131225 0.999430426 63.331979509 0.000000000 0.000000000 0.000000000 1.000000000
146 0.999402138 0.007818989 -0.033678343 -0.456126517 -0.007751521 0.999967681 0.002133466 0.255346374 0.033693940 -0.001871131 0.999430446 63.718888680 0.000000000 0.000000000 0.000000000 1.000000000
147 0.999405349 0.008172248 -0.033498708 -0.466225746 -0.008114941 0.999965369 0.001846405 0.258708475 0.033512642 -0.001573467 0.999437055 64.071412490 0.000000000 0.000000000 0.000000000 1.000000000
148 0.999410821 0.008370508 -0.033285806 -0.475917503 -0.008314780 0.999963789 0.001812369 0.261691056 0.033299775 -0.001534536 0.999444231 64.424939551 0.000000000 0.000000000 0.000000000 1.000000000
149 0.999411333 0.008493542 -0.033239244 -0.486785396 -0.008444114 0.999963024 0.001627172 0.264534335 0.033251839 -0.001345538 0.999446099 64.813907639 0.000000000 0.000000000 0.000000000 1.000000000
150 0.999417826 0.008635627 -0.033006578 -0.495834905 -0.008593822 0.999962081 0.001408306 0.266027841 0.033017492 -0.001123833 0.999454142 65.168330373 0.000000000 0.000000000 0.000000000 1.000000000
151 0.999422181 0.008477200 -0.032915662 -0.505067513 -0.008450008 0.999963832 0.000965184 0.267739587 0.032922657 -0.000686488 0.999457667 65.523244958 0.000000000 0.000000000 0.000000000 1.000000000
152 0.999435393 0.007897449 -0.032657708 -0.514070033 -0.007880988 0.999968744 0.000632801 0.269199862 0.032661688 -0.000375068 0.999466394 65.915832464 0.000000000 0.000000000 0.000000000 1.000000000
153 0.999436498 0.007813896 -0.032643967 -0.523313767 -0.007797141 0.999969397 0.000640590 0.271341192 0.032647977 -0.000385699 0.999466838 66.275331924 0.000000000 0.000000000 0.000000000 1.000000000
154 0.999434554 0.008285586 -0.032587149 -0.534042805 -0.008279890 0.999965673 0.000309820 0.274206470 0.032588601 -0.000039827 0.999468850 66.673206013 0.000000000 0.000000000 0.000000000 1.000000000
155 0.999434854 0.008381924 -0.032553273 -0.543937792 -0.008408695 0.999964411 -0.000685505 0.276717183 0.032546372 0.000958848 0.999469767 67.036870249 0.000000000 0.000000000 0.000000000 1.000000000
156 0.999450462 0.007746402 -0.032229901 -0.551743226 -0.007826784 0.999966565 -0.002368539 0.277349299 0.032210480 0.002619494 0.999477675 67.403268605 0.000000000 0.000000000 0.000000000 1.000000000
157 0.999485919 0.007260843 -0.031227854 -0.559635092 -0.007387053 0.999965000 -0.003928053 0.277950110 0.031198243 0.004156715 0.999504573 67.811180393 0.000000000 0.000000000 0.000000000 1.000000000
158 0.999531795 0.007543940 -0.029652637 -0.567723924 -0.007677036 0.999960951 -0.004377155 0.279649945 0.029618462 0.004602749 0.999550680 68.189279178 0.000000000 0.000000000 0.000000000 1.000000000
159 0.999579876 0.008585367 -0.027683257 -0.576386118 -0.008689234 0.999955645 -0.003633781 0.282902396 0.027650835 0.003872800 0.999610140 68.574401476 0.000000000 0.000000000 0.000000000 1.000000000
160 0.999645458 0.009592350 -0.024838394 -0.582949580 -0.009657021 0.999950282 -0.002484912 0.286419646 0.024813325 0.002723895 0.999688391 69.008856771 0.000000000 0.000000000 0.000000000 1.000000000
161 0.999717277 0.010138522 -0.021507608 -0.586976686 -0.010198106 0.999944454 -0.002662379 0.289051514 0.021479423 0.002880963 0.999765140 69.411990981 0.000000000 0.000000000 0.000000000 1.000000000
162 0.999815364 0.009818860 -0.016517506 -0.587988223 -0.009868946 0.999946939 -0.002953384 0.290139945 0.016487633 0.003115849 0.999859215 69.866065232 0.000000000 0.000000000 0.000000000 1.000000000
163 0.999896447 0.008567495 -0.011562614 -0.583946672 -0.008593416 0.999960669 -0.002193804 0.290137150 0.011543365 0.002292939 0.999930744 70.290105857 0.000000000 0.000000000 0.000000000 1.000000000
164 0.999948934 0.007661849 -0.006589774 -0.578196300 -0.007672649 0.999969261 -0.001614944 0.291651076 0.006577199 0.001665423 0.999976983 70.725073551 0.000000000 0.000000000 0.000000000 1.000000000
165 0.999968443 0.007890682 -0.000922346 -0.571093682 -0.007892426 0.999967048 -0.001900648 0.295950695 0.000907318 0.001907867 0.999997768 71.217153724 0.000000000 0.000000000 0.000000000 1.000000000
166 0.999951748 0.008701723 0.004558704 -0.563732473 -0.008686524 0.999956681 -0.003343741 0.302594638 -0.004587604 0.003303980 0.999984019 71.676997758 0.000000000 0.000000000 0.000000000 1.000000000
167 0.999909633 0.008976670 0.010007265 -0.552646103 -0.008924018 0.999946167 -0.005293905 0.307879049 -0.010054249 0.005204121 0.999935913 72.149242026 0.000000000 0.000000000 0.000000000 1.000000000
168 0.999834153 0.009144325 0.015749540 -0.536516808 -0.009056256 0.999943005 -0.005654274 0.311502133 -0.015800348 0.005510704 0.999859981 72.685333600 0.000000000 0.000000000 0.000000000 1.000000000
169 0.999741422 0.008322119 0.021162042 -0.517352815 -0.008239305 0.999958066 -0.003997605 0.313029163 -0.021194426 0.003822210 0.999768067 73.188554825 0.000000000 0.000000000 0.000000000 1.000000000
170 0.999608348 0.007975271 0.026824342 -0.495356493 -0.007887517 0.999963195 -0.003375710 0.315557741 -0.026850280 0.003162810 0.999634463 73.704580983 0.000000000 0.000000000 0.000000000 1.000000000
171 0.999419398 0.008325225 0.033038734 -0.469385838 -0.008212894 0.999960028 -0.003534300 0.320978853 -0.033066841 0.003260904 0.999447823 74.287340207 0.000000000 0.000000000 0.000000000 1.000000000
172 0.999223244 0.008551207 0.038467991 -0.441689620 -0.008414670 0.999957714 -0.003709955 0.326023934 -0.038498093 0.003383377 0.999252946 74.830077866 0.000000000 0.000000000 0.000000000 1.000000000
173 0.998960849 0.007729760 0.044916280 -0.405263349 -0.007559796 0.999963612 -0.003952691 0.329769058 -0.044945204 0.003609025 0.998982935 75.441975276 0.000000000 0.000000000 0.000000000 1.000000000
174 0.998680880 0.007513612 0.050794137 -0.368700958 -0.007338799 0.999966492 -0.003627268 0.333037419 -0.050819695 0.003249715 0.998702557 76.011639156 0.000000000 0.000000000 0.000000000 1.000000000
175 0.998384495 0.008081649 0.056241327 -0.328654205 -0.007918275 0.999963760 -0.003127153 0.337265066 -0.056264568 0.002676766 0.998412306 76.593816647 0.000000000 0.000000000 0.000000000 1.000000000
176 0.998002448 0.008061284 0.062658834 -0.279182823 -0.007867117 0.999963459 -0.003344916 0.341334396 -0.062683516 0.002845289 0.998029399 77.245917742 0.000000000 0.000000000 0.000000000 1.000000000
177 0.997626542 0.007601266 0.068436125 -0.228790705 -0.007391385 0.999967173 -0.003319536 0.345463892 -0.068459119 0.002805818 0.997649977 77.849975782 0.000000000 0.000000000 0.000000000 1.000000000
178 0.997259293 0.007577678 0.073596748 -0.175097390 -0.007373315 0.999968171 -0.003048120 0.350256967 -0.073617512 0.002497114 0.997283424 78.463960506 0.000000000 0.000000000 0.000000000 1.000000000
179 0.996802468 0.007558003 0.079546939 -0.111933207 -0.007387078 0.999969731 -0.002442813 0.356355453 -0.079563003 0.001847382 0.996828128 79.149854226 0.000000000 0.000000000 0.000000000 1.000000000
180 0.996342296 0.007602072 0.085113084 -0.049483395 -0.007441985 0.999969892 -0.002198025 0.361544640 -0.085127241 0.001556575 0.996368873 79.783085451 0.000000000 0.000000000 0.000000000 1.000000000
181 0.995887125 0.007804968 0.090265807 0.016110898 -0.007674977 0.999968950 -0.001787132 0.367167060 -0.090276963 0.001086993 0.995916106 80.424456032 0.000000000 0.000000000 0.000000000 1.000000000
182 0.995384580 0.007513015 0.095671791 0.093947367 -0.007395946 0.999971404 -0.001578218 0.373478450 -0.095680923 0.000863350 0.995411682 81.139988803 0.000000000 0.000000000 0.000000000 1.000000000
183 0.994986358 0.006605627 0.099792346 0.169152139 -0.006476974 0.999977723 -0.001613157 0.379507613 -0.099800791 0.000958716 0.995006977 81.799755916 0.000000000 0.000000000 0.000000000 1.000000000
184 0.994727370 0.005988418 0.102379668 0.254425662 -0.005914332 0.999981983 -0.001027194 0.387067382 -0.102383987 0.000416270 0.994744865 82.537011285 0.000000000 0.000000000 0.000000000 1.000000000
185 0.994596970 0.004974478 0.103692437 0.333677984 -0.004910472 0.999987563 -0.000872546 0.393272744 -0.103695500 0.000358653 0.994609027 83.216202669 0.000000000 0.000000000 0.000000000 1.000000000
186 0.994517269 0.004636112 0.104469647 0.414069675 -0.004534090 0.999988984 -0.001214044 0.399261012 -0.104474137 0.000733713 0.994527334 83.904941986 0.000000000 0.000000000 0.000000000 1.000000000
187 0.994535800 0.005198144 0.104266582 0.501471783 -0.005051432 0.999985845 -0.001671115 0.406238828 -0.104273805 0.001135287 0.994547981 84.674489137 0.000000000 0.000000000 0.000000000 1.000000000
188 0.994607905 0.005221828 0.103575320 0.582679059 -0.005012228 0.999984831 -0.002283831 0.412175265 -0.103585686 0.001752373 0.994618990 85.385076233 0.000000000 0.000000000 0.000000000 1.000000000
189 0.994715656 0.005281334 0.102532283 0.663878902 -0.005032688 0.999983735 -0.002683594 0.416918154 -0.102544801 0.002153399 0.994726057 86.105510457 0.000000000 0.000000000 0.000000000 1.000000000
190 0.994883819 0.004935531 0.100905032 0.753357631 -0.004653015 0.999984569 -0.003034999 0.421151264 -0.100918466 0.002549958 0.994891432 86.908981041 0.000000000 0.000000000 0.000000000 1.000000000
191 0.995042866 0.004328154 0.099352711 0.833942794 -0.004064776 0.999987668 -0.002853223 0.425664434 -0.099363847 0.002435232 0.995048188 87.650812066 0.000000000 0.000000000 0.000000000 1.000000000
192 0.995283770 0.004354301 0.096908494 0.912621596 -0.004121039 0.999988110 -0.002607066 0.431772747 -0.096918705 0.002195406 0.995289880 88.402600306 0.000000000 0.000000000 0.000000000 1.000000000
193 0.995635666 0.003859274 0.093245513 0.997798054 -0.003602709 0.999989248 -0.002919689 0.437477469 -0.093255789 0.002571009 0.995638865 89.240228292 0.000000000 0.000000000 0.000000000 1.000000000
194 0.996007342 0.004043447 0.089179725 1.071547995 -0.003865089 0.999990170 -0.002172596 0.441530351 -0.089187644 0.001819233 0.996013180 90.010339406 0.000000000 0.000000000 0.000000000 1.000000000
195 0.996429791 0.003703205 0.084344277 1.148080125 -0.003658766 0.999993074 -0.000681465 0.446637829 -0.084346227 0.000370436 0.996436439 90.861199451 0.000000000 0.000000000 0.000000000 1.000000000
196 0.996799493 0.003221910 0.079877336 1.215538730 -0.003271496 0.999994529 0.000489908 0.450320370 -0.079875330 -0.000749659 0.996804580 91.634571269 0.000000000 0.000000000 0.000000000 1.000000000
197 0.997174956 0.003201741 0.075045683 1.277976615 -0.003315641 0.999993533 0.001393193 0.454880192 -0.075040746 -0.001638081 0.997179123 92.406593611 0.000000000 0.000000000 0.000000000 1.000000000
198 0.997576911 0.002531545 0.069526234 1.342785334 -0.002677739 0.999994396 0.002009592 0.460619847 -0.069520765 -0.002190896 0.997578099 93.253887072 0.000000000 0.000000000 0.000000000 1.000000000
199 0.997933693 0.002459610 0.064205101 1.395889059 -0.002612767 0.999993938 0.002301569 0.465310667 -0.064199058 -0.002464566 0.997934070 94.020333268 0.000000000 0.000000000 0.000000000 1.000000000
