0 1.000000000 -0.000000000 -0.000000000 -0.000000000 -0.000000000 1.000000000 -0.000000000 0.000000000 0.000000000 0.000000000 1.000000000 -0.000000000 0.000000000 0.000000000 0.000000000 1.000000000
1 0.999998264 0.001318095 -0.001317062 0.003781017 -0.001316640 0.999998523 0.001105080 0.003570163 0.001318517 -0.001103344 0.999998522 1.762162901 0.000000000 0.000000000 0.000000000 1.000000000
2 0.999994239 0.002314380 -0.002483047 0.006371907 -0.002311460 0.999996635 0.001178161 0.008951585 0.002485765 -0.001172415 0.999996223 3.520399020 0.000000000 0.000000000 0.000000000 1.000000000
3 0.999984956 0.004080572 -0.003665605 0.005570788 -0.004072218 0.999989100 0.002283909 0.017136653 0.003674886 -0.002268948 0.999990674 5.451605329 0.000000000 0.000000000 0.000000000 1.000000000
4 0.999975164 0.005278878 -0.004669565 0.003530324 -0.005262975 0.999980330 0.003411713 0.026233097 0.004687483 -0.003387052 0.999983278 7.203907551 0.000000000 0.000000000 0.000000000 1.000000000
5 0.999963148 0.006413110 -0.005707360 0.000135914 -0.006393857 0.999973828 0.003385571 0.035651401 0.005728924 -0.003348954 0.999977982 8.952312319 0.000000000 0.000000000 0.000000000 1.000000000
6 0.999946969 0.007682310 -0.006858603 -0.004687929 -0.007662176 0.999966272 0.002957306 0.046129068 0.006881092 -0.002904597 0.999972107 10.870770699 0.000000000 0.000000000 0.000000000 1.000000000
7 0.999931565 0.008442441 -0.008098751 -0.009835993 -0.008430556 0.999963336 0.001500741 0.053123198 0.008111125 -0.001432361 0.999966078 12.610652985 0.000000000 0.000000000 0.000000000 1.000000000
8 0.999920714 0.008724171 -0.009080420 -0.017000072 -0.008727201 0.999961874 -0.000293881 0.056757849 0.009077511 0.000373104 0.999958729 14.347245729 0.000000000 0.000000000 0.000000000 1.000000000
9 0.999907377 0.008921950 -0.010277921 -0.026350758 -0.008941753 0.999958250 -0.001882173 0.057174370 0.010260700 0.001973901 0.999945409 16.254701863 0.000000000 0.000000000 0.000000000 1.000000000
10 0.999895661 0.008874162 -0.011398095 -0.037348178 -0.008902140 0.999957480 -0.002406078 0.055096859 0.011376260 0.002507294 0.999932145 17.985762323 0.000000000 0.000000000 0.000000000 1.000000000
11 0.999885005 0.008692191 -0.012426657 -0.049369728 -0.008737184 0.999955455 -0.003570795 0.050592546 0.012395066 0.003678958 0.999916410 19.712746343 0.000000000 0.000000000 0.000000000 1.000000000
12 0.999876940 0.008163986 -0.013396037 -0.064819545 -0.008214601 0.999959312 -0.003727567 0.045632718 0.013365062 0.003837151 0.999903321 21.609057195 0.000000000 0.000000000 0.000000000 1.000000000
13 0.999862425 0.008652097 -0.014151774 -0.081049269 -0.008693324 0.999958139 -0.002854136 0.042917177 0.014126489 0.002976769 0.999895785 23.330166866 0.000000000 0.000000000 0.000000000 1.000000000
14 0.999852665 0.008846007 -0.014710424 -0.098317798 -0.008864151 0.999960030 -0.001168544 0.041225599 0.014699501 0.001298767 0.999891113 25.048808584 0.000000000 0.000000000 0.000000000 1.000000000
15 0.999842404 0.009699334 -0.014869103 -0.120282850 -0.009706062 0.999952823 -0.000380244 0.041203473 0.014864715 0.000524505 0.999889376 26.933981107 0.000000000 0.000000000 0.000000000 1.000000000
16 0.999840522 0.009917901 -0.014851450 -0.139874930 -0.009910999 0.999950740 0.000538447 0.041181084 0.014856061 -0.000391168 0.999889566 28.645390599 0.000000000 0.000000000 0.000000000 1.000000000
17 0.999840861 0.009899305 -0.014841033 -0.158951629 -0.009891438 0.999950896 0.000603594 0.042985544 0.014846281 -0.000456699 0.999889684 30.352406692 0.000000000 0.000000000 0.000000000 1.000000000
18 0.999848638 0.008977066 -0.014903477 -0.177714910 -0.008945578 0.999957615 0.002178208 0.047751147 0.014922401 -0.002044557 0.999886564 32.227714921 0.000000000 0.000000000 0.000000000 1.000000000
19 0.999852170 0.008108750 -0.015161988 -0.194878758 -0.008092817 0.999966634 0.001112031 0.053389865 0.015170501 -0.000989164 0.999884432 33.926520665 0.000000000 0.000000000 0.000000000 1.000000000
20 0.999859306 0.006984674 -0.015250675 -0.210458233 -0.006985650 0.999975600 -0.000010639 0.058443154 0.015250231 0.000117174 0.999883702 35.617766187 0.000000000 0.000000000 0.000000000 1.000000000
21 0.999859328 0.006554405 -0.015439057 -0.230913668 -0.006551090 0.999978506 0.000265403 0.061749647 0.015440467 -0.000164223 0.999880775 37.473728638 0.000000000 0.000000000 0.000000000 1.000000000
22 0.999863892 0.005659984 -0.015497152 -0.248639584 -0.005632503 0.999982488 0.001816406 0.064954531 0.015507163 -0.001728871 0.999878262 39.153793977 0.000000000 0.000000000 0.000000000 1.000000000
23 0.999861890 0.005453920 -0.015698915 -0.267001661 -0.005401661 0.999979734 0.003369405 0.069938252 0.015716975 -0.003284138 0.999871087 40.825345713 0.000000000 0.000000000 0.000000000 1.000000000
24 0.999866193 0.003907795 -0.015884773 -0.286471991 -0.003845524 0.999984809 0.003948862 0.076341396 0.015899965 -0.003887248 0.999866031 42.650506119 0.000000000 0.000000000 0.000000000 1.000000000
25 0.999863025 0.003246199 -0.016229423 -0.304776394 -0.003182010 0.999987019 0.003979448 0.081432460 0.016242133 -0.003927260 0.999860375 44.297677976 0.000000000 0.000000000 0.000000000 1.000000000
26 0.999854421 0.002608979 -0.016862117 -0.322120888 -0.002544924 0.999989469 0.003819130 0.087935659 0.016871905 -0.003775660 0.999850530 45.928795477 0.000000000 0.000000000 0.000000000 1.000000000
27 0.999843856 0.002579374 -0.017481737 -0.343400564 -0.002521857 0.999991337 0.003311377 0.092228494 0.017490129 -0.003266773 0.999841699 47.708052526 0.000000000 0.000000000 0.000000000 1.000000000
28 0.999830961 0.002998459 -0.018139988 -0.366544028 -0.002945464 0.999991318 0.002947493 0.096127524 0.018148670 -0.002893563 0.999831112 49.309678683 0.000000000 0.000000000 0.000000000 1.000000000
29 0.999817848 0.003526213 -0.018757328 -0.390460949 -0.003451537 0.999985995 0.004012078 0.099560973 0.018771215 -0.003946605 0.999816016 50.897095603 0.000000000 0.000000000 0.000000000 1.000000000
30 0.999801101 0.004377267 -0.019457593 -0.418025910 -0.004272296 0.999976113 0.005433233 0.103639805 0.019480913 -0.005349023 0.999795920 52.623871788 0.000000000 0.000000000 0.000000000 1.000000000
31 0.999785955 0.004903883 -0.020099640 -0.442709889 -0.004777903 0.999968671 0.006311041 0.107589185 0.020129961 -0.006213655 0.999778063 54.174714386 0.000000000 0.000000000 0.000000000 1.000000000
32 0.999773443 0.005196406 -0.020641224 -0.467963361 -0.005069447 0.999967940 0.006198385 0.111672709 0.020672774 -0.006092341 0.999767733 55.707385499 0.000000000 0.000000000 0.000000000 1.000000000
33 0.999757881 0.005040809 -0.021418925 -0.496259397 -0.004956539 0.999979773 0.003985716 0.115343329 0.021438585 -0.003878587 0.999762644 57.369815559 0.000000000 0.000000000 0.000000000 1.000000000
34 0.999736728 0.004299639 -0.022538594 -0.521738126 -0.004232118 0.999986416 0.003042657 0.116436161 0.022551373 -0.002946469 0.999741344 58.865853557 0.000000000 0.000000000 0.000000000 1.000000000
35 0.999711498 0.003772123 -0.023721138 -0.552921749 -0.003698379 0.999988194 0.003151950 0.118179157 0.023732750 -0.003063310 0.999713645 60.493448768 0.000000000 0.000000000 0.000000000 1.000000000
36 0.999686797 0.003726633 -0.024747115 -0.583047629 -0.003640371 0.999987144 0.003529887 0.120229207 0.024759955 -0.003438692 0.999687511 61.958493602 0.000000000 0.000000000 0.000000000 1.000000000
37 0.999660858 0.004232936 -0.025695360 -0.615232705 -0.004110266 0.999979912 0.004824985 0.123059942 0.025715270 -0.004717733 0.999658176 63.409836623 0.000000000 0.000000000 0.000000000 1.000000000
38 0.999628128 0.004654267 -0.026869019 -0.650714274 -0.004532616 0.999979208 0.004586718 0.124118436 0.026889812 -0.004463225 0.999628440 64.990246532 0.000000000 0.000000000 0.000000000 1.000000000
39 0.999594347 0.005401747 -0.027963602 -0.684231866 -0.005299497 0.999979003 0.003729415 0.127412219 0.027983163 -0.003579709 0.999601985 66.413130396 0.000000000 0.000000000 0.000000000 1.000000000
40 0.999562913 0.005622248 -0.029023682 -0.719812510 -0.005535845 0.999980006 0.003056520 0.129414394 0.029040289 -0.002894512 0.999574051 67.827436363 0.000000000 0.000000000 0.000000000 1.000000000
41 0.999524341 0.005166101 -0.030404006 -0.759950209 -0.005111642 0.999985189 0.001868661 0.130929737 0.030413213 -0.001712358 0.999535945 69.372461243 0.000000000 0.000000000 0.000000000 1.000000000
42 0.999487472 0.004687741 -0.031667304 -0.797498153 -0.004660186 0.999988696 0.000943951 0.132768632 0.031671375 -0.000795892 0.999498019 70.768176989 0.000000000 0.000000000 0.000000000 1.000000000
43 0.999450505 0.004395110 -0.032853784 -0.835950488 -0.004370853 0.999990120 0.000810146 0.134364110 0.032857024 -0.000666101 0.999459840 72.158271927 0.000000000 0.000000000 0.000000000 1.000000000
44 0.999406967 0.004428223 -0.034148279 -0.880673919 -0.004395333 0.999989802 0.001038209 0.133581333 0.034152533 -0.000887500 0.999416238 73.679489804 0.000000000 0.000000000 0.000000000 1.000000000
45 0.999367647 0.003891820 -0.035343450 -0.922270702 -0.003873990 0.999992332 0.000572991 0.131881989 0.035345413 -0.000435708 0.999375061 75.054405378 0.000000000 0.000000000 0.000000000 1.000000000
46 0.999321725 0.003767912 -0.036631855 -0.964212312 -0.003799450 0.999992469 -0.000791328 0.130985770 0.036628601 0.000929972 0.999328515 76.417980189 0.000000000 0.000000000 0.000000000 1.000000000
47 0.999278542 0.002553664 -0.037892944 -1.011213092 -0.002639425 0.999994067 -0.002213366 0.128962506 0.037887071 0.002311785 0.999279353 77.909515787 0.000000000 0.000000000 0.000000000 1.000000000
48 0.999232765 0.002721225 -0.039070143 -1.057031549 -0.002806341 0.999993807 -0.002123847 0.127303809 0.039064126 0.002231862 0.999234213 79.258698420 0.000000000 0.000000000 0.000000000 1.000000000
49 0.999187386 0.003026779 -0.040192104 -1.105220375 -0.003052736 0.999995170 -0.000584466 0.125247176 0.040190146 0.000706687 0.999191800 80.601764825 0.000000000 0.000000000 0.000000000 1.000000000
50 0.999141315 0.003817457 -0.041256018 -1.161092649 -0.003812713 0.999992713 0.000193690 0.123636460 0.041256462 -0.000036226 0.999148589 82.069807603 0.000000000 0.000000000 0.000000000 1.000000000
51 0.999101895 0.004562113 -0.042125896 -1.212147702 -0.004568748 0.999989561 -0.000061191 0.124932422 0.042125182 0.000253599 0.999112308 83.393335602 0.000000000 0.000000000 0.000000000 1.000000000
52 0.999057479 0.004591845 -0.043163283 -1.263196919 -0.004607319 0.999989353 -0.000259001 0.126279333 0.043161639 0.000457624 0.999067998 84.710166418 0.000000000 0.000000000 0.000000000 1.000000000
53 0.999002773 0.004253196 -0.044445136 -1.319954708 -0.004253082 0.999990951 0.000097148 0.127423589 0.044445152 0.000091978 0.999011822 86.149069049 0.000000000 0.000000000 0.000000000 1.000000000
54 0.998957850 0.003788560 -0.045484725 -1.373390665 -0.003797906 0.999992781 -0.000119043 0.129234160 0.045483951 0.000291666 0.998965027 87.447083845 0.000000000 0.000000000 0.000000000 1.000000000
55 0.998903198 0.003060008 -0.046722984 -1.432892232 -0.003043058 0.999995276 0.000433921 0.129592898 0.046724096 -0.000291264 0.998907791 88.865473242 0.000000000 0.000000000 0.000000000 1.000000000
56 0.998856520 0.002322503 -0.047752041 -1.486446169 -0.002253842 0.999996348 0.001491667 0.131516757 0.047755337 -0.001382336 0.998858107 90.141092116 0.000000000 0.000000000 0.000000000 1.000000000
57 0.998808795 0.002148196 -0.048748078 -1.539920584 -0.002058348 0.999996089 0.001893227 0.135188939 0.048751960 -0.001790631 0.998809311 91.399619685 0.000000000 0.000000000 0.000000000 1.000000000
58 0.998753925 0.001384520 -0.049886680 -1.600456316 -0.001287762 0.999997227 0.001971653 0.137201975 0.049889277 -0.001904953 0.998752938 92.768785745 0.000000000 0.000000000 0.000000000 1.000000000
59 0.998701634 0.000801527 -0.050935279 -1.656756345 -0.000666843 0.999996237 0.002661165 0.137745461 0.050937227 -0.002623744 0.998698411 93.997982001 0.000000000 0.000000000 0.000000000 1.000000000
60 0.998650838 0.000979377 -0.051918632 -1.714940020 -0.000788902 0.999992884 0.003689098 0.137083310 0.051921881 -0.003643161 0.998644504 95.211547789 0.000000000 0.000000000 0.000000000 1.000000000
61 0.998591125 0.001580706 -0.053040228 -1.781168011 -0.001353419 0.999989749 0.004320829 0.135995301 0.053046521 -0.004242955 0.998583028 96.527152277 0.000000000 0.000000000 0.000000000 1.000000000
62 0.998544228 0.002042238 -0.053900413 -1.840955476 -0.001781518 0.999986483 0.004884673 0.135872550 0.053909667 -0.004781536 0.998534368 97.704031350 0.000000000 0.000000000 0.000000000 1.000000000
63 0.998492213 0.002948100 -0.054814313 -1.900589758 -0.002701306 0.999985882 0.004575932 0.135286543 0.054827036 -0.004420961 0.998486080 98.862271658 0.000000000 0.000000000 0.000000000 1.000000000
64 0.998437443 0.003471419 -0.055772942 -1.965784290 -0.003321265 0.999990607 0.002784711 0.135411409 0.055782091 -0.002595123 0.998439595 100.113950412 0.000000000 0.000000000 0.000000000 1.000000000
65 0.998384715 0.003506082 -0.056706858 -2.024075467 -0.003412622 0.999992655 0.001744886 0.134977282 0.056712566 -0.001548548 0.998389346 101.237386324 0.000000000 0.000000000 0.000000000 1.000000000
66 0.998324291 0.004362880 -0.057702472 -2.081514193 -0.004281699 0.999989662 0.001530463 0.134560060 0.057708560 -0.001280833 0.998332651 102.346860719 0.000000000 0.000000000 0.000000000 1.000000000
67 0.998265970 0.004354365 -0.058703434 -2.146760394 -0.004260250 0.999989432 0.001728297 0.133814033 0.058710346 -0.001475209 0.998273970 103.552413942 0.000000000 0.000000000 0.000000000 1.000000000
68 0.998207480 0.004984344 -0.059640440 -2.207394656 -0.004867129 0.999985928 0.002110488 0.134327896 0.059650127 -0.001816426 0.998217693 104.634397895 0.000000000 0.000000000 0.000000000 1.000000000
69 0.998143037 0.004993990 -0.060708623 -2.274490139 -0.004877943 0.999985982 0.002059611 0.135128224 0.060718065 -0.001759652 0.998153405 105.811888335 0.000000000 0.000000000 0.000000000 1.000000000
70 0.998081072 0.005374930 -0.061686978 -2.336631431 -0.005278164 0.999984571 0.001731535 0.137855284 0.061695340 -0.001402618 0.998094043 106.870247675 0.000000000 0.000000000 0.000000000 1.000000000
71 0.998010662 0.005750358 -0.062782580 -2.399244514 -0.005646720 0.999982386 0.001828076 0.140288833 0.062791993 -0.001469923 0.998025553 107.920188590 0.000000000 0.000000000 0.000000000 1.000000000
72 0.997945326 0.005817889 -0.063806567 -2.466370095 -0.005706239 0.999981853 0.001931926 0.141366588 0.063816656 -0.001563860 0.997960415 109.066021694 0.000000000 0.000000000 0.000000000 1.000000000
73 0.997884213 0.005346399 -0.064795936 -2.528441108 -0.005249016 0.999984824 0.001673073 0.140481708 0.064803905 -0.001329418 0.997897132 110.098191407 0.000000000 0.000000000 0.000000000 1.000000000
74 0.997814124 0.005320222 -0.065868566 -2.590830470 -0.005219263 0.999984926 0.001704744 0.141872182 0.065876650 -0.001357232 0.997826851 111.119914673 0.000000000 0.000000000 0.000000000 1.000000000
75 0.997722496 0.005295877 -0.067244144 -2.659486334 -0.005159619 0.999984269 0.002199853 0.142840714 0.067254745 -0.001847888 0.997734125 112.231919346 0.000000000 0.000000000 0.000000000 1.000000000
76 0.997641373 0.005267906 -0.068439311 -2.722344052 -0.005124687 0.999984297 0.002268054 0.144038879 0.068450192 -0.001911974 0.997652703 113.229873030 0.000000000 0.000000000 0.000000000 1.000000000
77 0.997562937 0.005122490 -0.069584093 -2.785822532 -0.004982052 0.999985188 0.002191664 0.144243386 0.069594297 -0.001839650 0.997573681 114.218508347 0.000000000 0.000000000 0.000000000 1.000000000
78 0.997484882 0.005378557 -0.070675178 -2.857215364 -0.005293805 0.999985027 0.001386439 0.145594414 0.070681586 -0.001008810 0.997498419 115.296808718 0.000000000 0.000000000 0.000000000 1.000000000
79 0.997429179 0.005705372 -0.071431653 -2.921661000 -0.005676069 0.999983703 0.000613228 0.145068738 0.071433996 -0.000206200 0.997445308 116.271968497 0.000000000 0.000000000 0.000000000 1.000000000
80 0.997381580 0.005703934 -0.072093331 -2.986063657 -0.005700694 0.999983719 0.000250726 0.144849813 0.072093595 0.000160913 0.997397858 117.242779973 0.000000000 0.000000000 0.000000000 1.000000000
81 0.997333638 0.005905578 -0.072737464 -3.056495753 -0.005897459 0.999982557 0.000326408 0.144660317 0.072738132 0.000103429 0.997351069 118.306072275 0.000000000 0.000000000 0.000000000 1.000000000
82 0.997283790 0.005890386 -0.073418974 -3.119841227 -0.005862591 0.999982638 0.000594098 0.143472344 0.073421208 -0.000162058 0.997301008 119.267399217 0.000000000 0.000000000 0.000000000 1.000000000
83 0.997223936 0.005875335 -0.074228716 -3.189349812 -0.005850558 0.999982733 0.000551255 0.141693815 0.074230682 -0.000115445 0.997241091 120.319121053 0.000000000 0.000000000 0.000000000 1.000000000
84 0.997170151 0.006018860 -0.074936393 -3.254551953 -0.005987239 0.999981867 0.000646636 0.141133610 0.074938935 -0.000196144 0.997188106 121.269520299 0.000000000 0.000000000 0.000000000 1.000000000
85 0.997121581 0.006573582 -0.075533703 -3.320983483 -0.006513131 0.999978242 0.001046650 0.140797280 0.075538949 -0.000551676 0.997142700 122.214853967 0.000000000 0.000000000 0.000000000 1.000000000
86 0.997075082 0.006765755 -0.076128216 -3.392164770 -0.006655838 0.999976409 0.001697495 0.139221739 0.076137914 -0.001185833 0.997096591 123.249681177 0.000000000 0.000000000 0.000000000 1.000000000
87 0.997033565 0.006683460 -0.076677250 -3.457831778 -0.006548511 0.999976536 0.002011283 0.139376511 0.076688902 -0.001503194 0.997053937 124.186298890 0.000000000 0.000000000 0.000000000 1.000000000
88 0.996999018 0.006676583 -0.077125743 -3.522718643 -0.006564578 0.999976998 0.001705709 0.139761083 0.077135367 -0.001194291 0.997019914 125.117231740 0.000000000 0.000000000 0.000000000 1.000000000
89 0.996965360 0.006589359 -0.077567072 -3.595524355 -0.006469104 0.999977452 0.001801529 0.141133986 0.077577203 -0.001294272 0.996985508 126.136375226 0.000000000 0.000000000 0.000000000 1.000000000
90 0.996914721 0.006572649 -0.078216615 -3.660575334 -0.006412226 0.999976792 0.002302016 0.143029278 0.078229939 -0.001793370 0.996933730 127.056773399 0.000000000 0.000000000 0.000000000 1.000000000
91 0.996885782 0.006611792 -0.078581304 -3.725904361 -0.006397542 0.999975101 0.002977938 0.144703280 0.078599046 -0.002465936 0.996903260 127.968310868 0.000000000 0.000000000 0.000000000 1.000000000
92 0.996885107 0.006571748 -0.078593228 -3.798135477 -0.006367725 0.999975675 0.002846287 0.146230335 0.078610030 -0.002336960 0.996902705 128.959669162 0.000000000 0.000000000 0.000000000 1.000000000
93 0.996928693 0.006409104 -0.078051934 -3.862341954 -0.006245801 0.999977766 0.002336195 0.146910189 0.078065181 -0.001841522 0.996946557 129.848827172 0.000000000 0.000000000 0.000000000 1.000000000
94 0.996973717 0.005768138 -0.077525061 -3.923146417 -0.005650748 0.999982532 0.001733519 0.148608978 0.077533715 -0.001290198 0.996988896 130.726000631 0.000000000 0.000000000 0.000000000 1.000000000
95 0.997016187 0.005391694 -0.077004230 -3.988031741 -0.005255225 0.999984241 0.001974780 0.150954233 0.077013673 -0.001564212 0.997028810 131.678662690 0.000000000 0.000000000 0.000000000 1.000000000
96 0.997037195 0.004639050 -0.076780921 -4.047761631 -0.004476320 0.999987356 0.002291377 0.152590908 0.076790589 -0.001940891 0.997045355 132.533124548 0.000000000 0.000000000 0.000000000 1.000000000
97 0.997057341 0.003207991 -0.076592207 -4.110236854 -0.003010788 0.999991849 0.002690061 0.154972537 0.076600221 -0.002451541 0.997058873 133.457895651 0.000000000 0.000000000 0.000000000 1.000000000
98 0.997080818 0.001810881 -0.076331919 -4.166025968 -0.001597214 0.999994634 0.002860135 0.155582772 0.076336698 -0.002729867 0.997078361 134.287333585 0.000000000 0.000000000 0.000000000 1.000000000
99 0.997120491 0.001363564 -0.075821287 -4.221038539 -0.001105730 0.999993463 0.003442436 0.159305352 0.075825494 -0.003348685 0.997115480 135.103190073 0.000000000 0.000000000 0.000000000 1.000000000
100 0.997141181 0.001577246 -0.075544531 -4.282469050 -0.001386050 0.999995703 0.002583277 0.161043365 0.075548290 -0.002471183 0.997139082 135.989385065 0.000000000 0.000000000 0.000000000 1.000000000
101 0.997166508 0.000930989 -0.075220263 -4.334941753 -0.000811281 0.999998356 0.001621976 0.163480872 0.075221658 -0.001556355 0.997165623 136.785001790 0.000000000 0.000000000 0.000000000 1.000000000
102 0.997197466 0.000197781 -0.074814260 -4.394133933 -0.000186834 0.999999971 0.000153321 0.164774077 0.074814297 -0.000138913 0.997197474 137.653079273 0.000000000 0.000000000 0.000000000 1.000000000
103 0.997226346 -0.000411374 -0.074427452 -4.447208608 0.000324910 0.999999258 -0.001173835 0.165172721 0.074427888 0.001146397 0.997225740 138.433619479 0.000000000 0.000000000 0.000000000 1.000000000
104 0.997268020 0.000045353 -0.073868084 -4.500273236 -0.000182510 0.999998272 -0.001850032 0.166427889 0.073867882 0.001858459 0.997266305 139.208251919 0.000000000 0.000000000 0.000000000 1.000000000
105 0.997290610 0.000738162 -0.073558785 -4.558826010 -0.000856955 0.999998379 -0.001583385 0.170849372 0.073557505 0.001642132 0.997289626 140.053308648 0.000000000 0.000000000 0.000000000 1.000000000
106 0.997314145 0.001248106 -0.073232084 -4.609901058 -0.001283777 0.999999079 -0.000440020 0.171354212 0.073231476 0.000532852 0.997314829 140.816662777 0.000000000 0.000000000 0.000000000 1.000000000
107 0.997344654 0.002170530 -0.072793743 -4.660777659 -0.002165269 0.999997644 0.000151196 0.169669657 0.072793909 0.000006824 0.997347004 141.572932993 0.000000000 0.000000000 0.000000000 1.000000000
108 0.997406584 0.002761413 -0.071919964 -4.714435331 -0.002819055 0.999995781 -0.000699965 0.170963113 0.071917736 0.000900897 0.997410160 142.391436766 0.000000000 0.000000000 0.000000000 1.000000000
109 0.997517844 0.003340714 -0.070334842 -4.760671604 -0.003457258 0.999992845 -0.001535298 0.172388073 0.070329218 0.001774653 0.997522256 143.125740968 0.000000000 0.000000000 0.000000000 1.000000000
110 0.997615380 0.004232052 -0.068888628 -4.806111714 -0.004379252 0.999988439 -0.001985883 0.173282978 0.068879436 0.002282828 0.997622380 143.849315756 0.000000000 0.000000000 0.000000000 1.000000000
111 0.997715543 0.005061557 -0.067365235 -4.854866082 -0.005154576 0.999985987 -0.001207047 0.172780229 0.067358190 0.001551529 0.997727652 144.635090937 0.000000000 0.000000000 0.000000000 1.000000000
112 0.997798840 0.005635877 -0.066073527 -4.896831213 -0.005709393 0.999983275 -0.000923847 0.171949107 0.066067223 0.001299054 0.997814329 145.337367249 0.000000000 0.000000000 0.000000000 1.000000000
113 0.997877810 0.005558142 -0.064876682 -4.936790249 -0.005627476 0.999983773 -0.000885981 0.171643157 0.064870712 0.001249193 0.997892895 146.030026008 0.000000000 0.000000000 0.000000000 1.000000000
114 0.997971056 0.005470955 -0.063433738 -4.978467252 -0.005543539 0.999984166 -0.000968285 0.172894196 0.063427443 0.001317968 0.997985582 146.780858826 0.000000000 0.000000000 0.000000000 1.000000000
115 0.998052510 0.005927051 -0.062097156 -5.016211505 -0.006026902 0.999980829 -0.001420773 0.175409327 0.062087552 0.001792260 0.998069098 147.457164438 0.000000000 0.000000000 0.000000000 1.000000000
116 0.998117984 0.005528011 -0.061073157 -5.052087394 -0.005646553 0.999982494 -0.001768537 0.176407055 0.061062318 0.002110061 0.998131725 148.130603361 0.000000000 0.000000000 0.000000000 1.000000000
117 0.998187488 0.005395096 -0.059938572 -5.093227710 -0.005492472 0.999983851 -0.001459939 0.175566792 0.059929735 0.001786503 0.998201000 148.868830032 0.000000000 0.000000000 0.000000000 1.000000000
118 0.998201315 0.005196507 -0.059725459 -5.131543044 -0.005286432 0.999985119 -0.001347716 0.172880964 0.059717574 0.001661026 0.998213931 149.537921178 0.000000000 0.000000000 0.000000000 1.000000000
119 0.998197068 0.004613482 -0.059844213 -5.169465047 -0.004713014 0.999987735 -0.001522130 0.170691878 0.059836464 0.001801432 0.998206568 150.203451487 0.000000000 0.000000000 0.000000000 1.000000000
120 0.998150247 0.004112215 -0.060656199 -5.211909380 -0.004193649 0.999990468 -0.001215298 0.168869787 0.060650631 0.001467420 0.998157977 150.933909684 0.000000000 0.000000000 0.000000000 1.000000000
121 0.998039041 0.003870780 -0.062474709 -5.255191750 -0.003921825 0.999992068 -0.000694436 0.166153613 0.062471533 0.000938089 0.998046306 151.596328313 0.000000000 0.000000000 0.000000000 1.000000000
122 0.997874508 0.003457742 -0.065073111 -5.303295360 -0.003486863 0.999993865 -0.000333940 0.164262363 0.065071565 0.000560131 0.997880443 152.320785179 0.000000000 0.000000000 0.000000000 1.000000000
123 0.997728036 0.003609396 -0.067273602 -5.350656545 -0.003623887 0.999993429 -0.000093357 0.161510545 0.067272831 0.000336938 0.997734560 152.977180587 0.000000000 0.000000000 0.000000000 1.000000000
124 0.997580925 0.003291475 -0.069436762 -5.396058505 -0.003338190 0.999994273 -0.000556722 0.159933498 0.069434540 0.000787168 0.997586200 153.629659509 0.000000000 0.000000000 0.000000000 1.000000000
125 0.997423123 0.003363309 -0.071664508 -5.446487622 -0.003484375 0.999992706 -0.001564375 0.161001474 0.071658732 0.001810050 0.997427566 154.343066984 0.000000000 0.000000000 0.000000000 1.000000000
126 0.997318149 0.003345754 -0.073111659 -5.492487826 -0.003551029 0.999990110 -0.002677873 0.161952065 0.073101985 0.002930313 0.997320166 154.989310700 0.000000000 0.000000000 0.000000000 1.000000000
127 0.997207184 0.002996594 -0.074624739 -5.539395795 -0.003281993 0.999987761 -0.003702111 0.159990915 0.074612741 0.003936689 0.997204814 155.637194905 0.000000000 0.000000000 0.000000000 1.000000000
128 0.997139596 0.002318394 -0.075546342 -5.591438567 -0.002684705 0.999985126 -0.004747619 0.157708272 0.075534220 0.004936859 0.997130989 156.353310252 0.000000000 0.000000000 0.000000000 1.000000000
129 0.997103568 0.002397443 -0.076017939 -5.639446737 -0.002828016 0.999980561 -0.005556949 0.155090187 0.076003147 0.005755833 0.997090965 157.007950982 0.000000000 0.000000000 0.000000000 1.000000000
130 0.997062713 0.002033180 -0.076562469 -5.686219664 -0.002428261 0.999984212 -0.005067500 0.149956501 0.076550966 0.005238529 0.997051908 157.667967810 0.000000000 0.000000000 0.000000000 1.000000000
131 0.997027043 0.001904546 -0.077028879 -5.738634426 -0.002236382 0.999988587 -0.004221897 0.144466693 0.077019968 0.004381611 0.997019923 158.397144394 0.000000000 0.000000000 0.000000000 1.000000000
132 0.996996431 0.001714191 -0.077428532 -5.785791688 -0.002072515 0.999987512 -0.004547676 0.140691706 0.077419778 0.004694489 0.996987533 159.061398478 0.000000000 0.000000000 0.000000000 1.000000000
133 0.996947063 0.001519238 -0.078065640 -5.837069747 -0.001887926 0.999987410 -0.004649204 0.139660783 0.078057603 0.004782392 0.996937380 159.794433086 0.000000000 0.000000000 0.000000000 1.000000000
134 0.996927363 0.001261829 -0.078321385 -5.884309553 -0.001649132 0.999986730 -0.004880556 0.141193526 0.078314197 0.004994722 0.996916215 160.464358219 0.000000000 0.000000000 0.000000000 1.000000000
135 0.996892110 0.001053642 -0.078771893 -5.933620409 -0.001476168 0.999984834 -0.005305883 0.139297676 0.078765117 0.005405673 0.996878546 161.140265070 0.000000000 0.000000000 0.000000000 1.000000000
136 0.996855808 0.000532965 -0.079235183 -5.985310947 -0.000953240 0.999985678 -0.005266411 0.139766125 0.079231251 0.005325382 0.996842039 161.886474984 0.000000000 0.000000000 0.000000000 1.000000000
137 0.996833524 0.000392843 -0.079515850 -6.035757086 -0.000807806 0.999986224 -0.005186516 0.138367892 0.079512726 0.005234327 0.996820109 162.570729509 0.000000000 0.000000000 0.000000000 1.000000000
138 0.996788772 0.000939114 -0.080070357 -6.087253900 -0.001358251 0.999985660 -0.005180295 0.136811929 0.080064353 0.005272415 0.996775753 163.259869337 0.000000000 0.000000000 0.000000000 1.000000000
139 0.996749270 0.001067555 -0.080558994 -6.143492354 -0.001456138 0.999987587 -0.004764981 0.135436631 0.080552916 0.004866796 0.996738452 164.023849800 0.000000000 0.000000000 0.000000000 1.000000000
140 0.996729780 0.000979249 -0.080800905 -6.196344244 -0.001387331 0.999986565 -0.004994466 0.133191786 0.080794938 0.005090231 0.996717748 164.723539139 0.000000000 0.000000000 0.000000000 1.000000000
141 0.996696311 0.000579935 -0.081216537 -6.248828630 -0.001045697 0.999983251 -0.005692397 0.132968644 0.081211885 0.005758518 0.996680224 165.426728014 0.000000000 0.000000000 0.000000000 1.000000000
142 0.996675788 0.000875619 -0.081465366 -6.309285053 -0.001338362 0.999983279 -0.005625810 0.133526849 0.081459088 0.005716138 0.996660295 166.206762244 0.000000000 0.000000000 0.000000000 1.000000000
143 0.996644971 0.001615170 -0.081830265 -6.363863321 -0.002080502 0.999982147 -0.005601589 0.136290288 0.081819766 0.005753043 0.996630538 166.917722961 0.000000000 0.000000000 0.000000000 1.000000000
144 0.996602238 0.001623774 -0.082348904 -6.423506283 -0.002061864 0.999984171 -0.005235153 0.136820091 0.082339109 0.005387157 0.996589810 167.704216063 0.000000000 0.000000000 0.000000000 1.000000000
145 0.996572787 0.001657855 -0.082703873 -6.475391311 -0.002044701 0.999987362 -0.004592991 0.136113380 0.082695223 0.004746354 0.996563582 168.420996081 0.000000000 0.000000000 0.000000000 1.000000000
146 0.996542424 0.002015288 -0.083061027 -6.529226286 -0.002402817 0.999986689 -0.004565889 0.135681678 0.083050730 0.004749682 0.996534002 169.137136003 0.000000000 0.000000000 0.000000000 1.000000000
147 0.996503875 0.002387375 -0.083512441 -6.590574213 -0.002799423 0.999984479 -0.004817215 0.133532769 0.083499654 0.005034160 0.996495091 169.925454521 0.000000000 0.000000000 0.000000000 1.000000000
148 0.996472266 0.002405633 -0.083888232 -6.645708572 -0.002878837 0.999980619 -0.005520372 0.131969189 0.083873336 0.005742398 0.996459878 170.642646797 0.000000000 0.000000000 0.000000000 1.000000000
149 0.996415928 0.002598974 -0.084549062 -6.700951845 -0.003087618 0.999979277 -0.005649158 0.131805891 0.084532637 0.005889966 0.996403303 171.360613333 0.000000000 0.000000000 0.000000000 1.000000000
150 0.996336035 0.002788692 -0.085479395 -6.761316322 -0.003286930 0.999978418 -0.005688555 0.132183176 0.085461696 0.005948677 0.996323699 172.150923583 0.000000000 0.000000000 0.000000000 1.000000000
151 0.996189922 0.003047896 -0.087157041 -6.818190654 -0.003573333 0.999976368 -0.005873235 0.130128490 0.087137090 0.006162298 0.996177271 172.869698527 0.000000000 0.000000000 0.000000000 1.000000000
152 0.996017638 0.003104247 -0.089102344 -6.875851300 -0.003670251 0.999974112 -0.006189141 0.127411881 0.089080836 0.006491521 0.996003246 173.589350597 0.000000000 0.000000000 0.000000000 1.000000000
153 0.995828956 0.004037278 -0.091150371 -6.944589935 -0.004691299 0.999964760 -0.006962066 0.125095648 0.091119062 0.007360640 0.995812803 174.383820869 0.000000000 0.000000000 0.000000000 1.000000000
154 0.995600940 0.004855134 -0.093569196 -7.008816250 -0.005568796 0.999957353 -0.007367496 0.121830532 0.093529446 0.007856153 0.995585518 175.112005730 0.000000000 0.000000000 0.000000000 1.000000000
155 0.995385687 0.005085618 -0.095819985 -7.074137574 -0.005849554 0.999953296 -0.007693392 0.119008301 0.095776395 0.008218396 0.995368947 175.843557467 0.000000000 0.000000000 0.000000000 1.000000000
156 0.995154565 0.004987145 -0.098196335 -7.146722484 -0.005767622 0.999953984 -0.007665845 0.115223668 0.098153597 0.008195060 0.995137535 176.653356755 0.000000000 0.000000000 0.000000000 1.000000000
157 0.994928068 0.004724563 -0.100477944 -7.215821640 -0.005481466 0.999958635 -0.007258270 0.112109941 0.100439507 0.007772223 0.994912810 177.395470481 0.000000000 0.000000000 0.000000000 1.000000000
158 0.994720310 0.004858974 -0.102508021 -7.286665455 -0.005598737 0.999960313 -0.006930141 0.110590494 0.102470291 0.007467467 0.994708036 178.142579629 0.000000000 0.000000000 0.000000000 1.000000000
159 0.994487160 0.004986467 -0.104739781 -7.366991264 -0.005781301 0.999956741 -0.007286402 0.111542901 0.104698929 0.007851765 0.994472969 178.971699484 0.000000000 0.000000000 0.000000000 1.000000000
160 0.994304537 0.004355942 -0.106487146 -7.442830971 -0.005214417 0.999956103 -0.007784668 0.111202577 0.106448574 0.008295598 0.994283604 179.733706477 0.000000000 0.000000000 0.000000000 1.000000000
161 0.994142918 0.004321729 -0.107986946 -7.520900396 -0.005254820 0.999951267 -0.008357702 0.110404806 0.107945576 0.008876202 0.994117180 180.503744863 0.000000000 0.000000000 0.000000000 1.000000000
162 0.993960398 0.004130260 -0.109661605 -7.611094145 -0.005160097 0.999945199 -0.009108907 0.108967950 0.109617986 0.009619757 0.993927240 181.363428659 0.000000000 0.000000000 0.000000000 1.000000000
163 0.993827941 0.003998498 -0.110860427 -7.691878396 -0.005126882 0.999937898 -0.009895215 0.108815441 0.110813989 0.010402509 0.993786722 182.154360639 0.000000000 0.000000000 0.000000000 1.000000000
164 0.993665074 0.003804823 -0.112317597 -7.786524168 -0.005028592 0.999931022 -0.010614325 0.107670446 0.112269477 0.011111882 0.993615666 183.039392621 0.000000000 0.000000000 0.000000000 1.000000000
165 0.993516427 0.003780490 -0.113625773 -7.875267787 -0.005120502 0.999920720 -0.011503651 0.106002867 0.113573289 0.012010886 0.993457019 183.856436902 0.000000000 0.000000000 0.000000000 1.000000000
166 0.993350676 0.003455724 -0.115076023 -7.966395577 -0.004843586 0.999918848 -0.011782950 0.104878702 0.115025979 0.012261981 0.993286801 184.687260649 0.000000000 0.000000000 0.000000000 1.000000000
167 0.993177890 0.002521587 -0.116581813 -8.068445037 -0.003930080 0.999922024 -0.011853285 0.102505311 0.116542847 0.012230596 0.993110356 185.614998246 0.000000000 0.000000000 0.000000000 1.000000000
168 0.993018460 0.002787072 -0.117926116 -8.167073568 -0.004283648 0.999913454 -0.012439228 0.098398648 0.117881255 0.012857536 0.992944457 186.473169656 0.000000000 0.000000000 0.000000000 1.000000000
169 0.992851340 0.002428263 -0.119332804 -8.267509448 -0.003985611 0.999909960 -0.012813527 0.095510671 0.119290959 0.013197541 0.992771622 187.344198051 0.000000000 0.000000000 0.000000000 1.000000000
170 0.992669396 0.002650291 -0.120832298 -8.381692040 -0.004229712 0.999908918 -0.012816567 0.092672915 0.120787339 0.013233698 0.992590192 188.317557003 0.000000000 0.000000000 0.000000000 1.000000000
171 0.992492331 0.003645985 -0.122252522 -8.489516717 -0.005143277 0.999915557 -0.011934188 0.089354421 0.122198701 0.012473368 0.992427274 189.216186900 0.000000000 0.000000000 0.000000000 1.000000000
172 0.992298829 0.004229251 -0.123794769 -8.599545123 -0.005674425 0.999919784 -0.011323679 0.086762548 0.123736963 0.011938937 0.992243230 190.128228393 0.000000000 0.000000000 0.000000000 1.000000000
173 0.992089657 0.004525760 -0.125449703 -8.722254649 -0.005927641 0.999924068 -0.010803804 0.083608841 0.125391296 0.011461962 0.992041152 191.145401140 0.000000000 0.000000000 0.000000000 1.000000000
174 0.991919323 0.004893640 -0.126775819 -8.835803411 -0.006371377 0.999916380 -0.011253406 0.080420081 0.126710163 0.011970206 0.991867557 192.081963159 0.000000000 0.000000000 0.000000000 1.000000000
175 0.991720926 0.004761969 -0.128323526 -8.963581100 -0.006269676 0.999915955 -0.011347872 0.077029865 0.128258718 0.012058468 0.991667432 193.127368143 0.000000000 0.000000000 0.000000000 1.000000000
176 0.991571348 0.004701264 -0.129476481 -9.082770030 -0.006260796 0.999912647 -0.011640502 0.071428818 0.129410461 0.012353014 0.991514164 194.091350347 0.000000000 0.000000000 0.000000000 1.000000000
177 0.991471770 0.004610866 -0.130240037 -9.204186299 -0.006278963 0.999903401 -0.012400126 0.063796405 0.130170296 0.013112146 0.991404946 195.068836435 0.000000000 0.000000000 0.000000000 1.000000000
178 0.991392257 0.004004713 -0.130863875 -9.337751874 -0.005673267 0.999907271 -0.012379968 0.054420349 0.130802178 0.013015829 0.991323045 196.158142873 0.000000000 0.000000000 0.000000000 1.000000000
179 0.991289175 0.004943242 -0.131610540 -9.463829790 -0.006410069 0.999921952 -0.010723869 0.048149793 0.131547272 0.011474087 0.991243493 197.159569098 0.000000000 0.000000000 0.000000000 1.000000000
180 0.991172400 0.005077600 -0.132482037 -9.590619177 -0.006259305 0.999944243 -0.008504791 0.041741359 0.132431482 0.009258959 0.991148917 198.169620943 0.000000000 0.000000000 0.000000000 1.000000000
181 0.991049189 0.005116472 -0.133399119 -9.734876612 -0.006241342 0.999948397 -0.008015546 0.033841668 0.133351239 0.008776390 0.991029981 199.287936369 0.000000000 0.000000000 0.000000000 1.000000000
182 0.990887945 0.005209393 -0.134588040 -9.869160837 -0.006365488 0.999946438 -0.008160977 0.026828173 0.134538333 0.008943332 0.990868031 200.311604569 0.000000000 0.000000000 0.000000000 1.000000000
183 0.990775050 0.004298591 -0.135448593 -10.004666847 -0.005600785 0.999941677 -0.009234332 0.020345783 0.135401015 0.009907764 0.990741340 201.341211500 0.000000000 0.000000000 0.000000000 1.000000000
184 0.990634242 0.003669146 -0.136492979 -10.156041789 -0.004982832 0.999944486 -0.009284143 0.015263526 0.136451353 0.009877311 0.990597531 202.482950732 0.000000000 0.000000000 0.000000000 1.000000000
185 0.990535943 0.003332472 -0.137213111 -10.294443529 -0.004534545 0.999954025 -0.008448974 0.011314142 0.137178663 0.008991211 0.990505515 203.528110837 0.000000000 0.000000000 0.000000000 1.000000000
186 0.990402557 0.003181590 -0.138176156 -10.434662222 -0.004320700 0.999959106 -0.007944731 0.006494775 0.138145245 0.008465499 0.990375802 204.580882352 0.000000000 0.000000000 0.000000000 1.000000000
187 0.990306583 0.001469804 -0.138890996 -10.587989433 -0.002721020 0.999957408 -0.008819160 0.002928919 0.138872134 0.009111597 0.990268404 205.742995323 0.000000000 0.000000000 0.000000000 1.000000000
188 0.990187413 0.001172006 -0.139740870 -10.730180024 -0.002486762 0.999954271 -0.009234294 0.000276966 0.139723673 0.009491183 0.990145047 206.806800947 0.000000000 0.000000000 0.000000000 1.000000000
189 0.990055373 0.000128498 -0.140678140 -10.887116003 -0.001507127 0.999951882 -0.009693386 -0.003340285 0.140670142 0.009809008 0.990007928 207.984474600 0.000000000 0.000000000 0.000000000 1.000000000
190 0.989948255 -0.001333020 -0.141423734 -11.030644045 -0.000269815 0.999935961 -0.011313780 -0.010479801 0.141429775 0.011238214 0.989884500 209.061701264 0.000000000 0.000000000 0.000000000 1.000000000
191 0.989836928 -0.002521269 -0.142184726 -11.176887834 0.000727780 0.999919539 -0.012664388 -0.015029847 0.142205232 0.012432199 0.989759119 210.147602382 0.000000000 0.000000000 0.000000000 1.000000000
192 0.989701700 -0.003314376 -0.143106803 -11.340300479 0.001528964 0.999919646 -0.012584250 -0.020388740 0.143137030 0.012235848 0.989627241 211.352722269 0.000000000 0.000000000 0.000000000 1.000000000
193 0.989583675 -0.002903544 -0.143929558 -11.492590784 0.001227916 0.999930454 -0.011729468 -0.024442950 0.143953622 0.011430556 0.989518418 212.456526684 0.000000000 0.000000000 0.000000000 1.000000000
194 0.989477272 -0.001980866 -0.144674817 -11.648114006 0.000208352 0.999924750 -0.012265833 -0.027030198 0.144688245 0.012106619 0.989403226 213.567098826 0.000000000 0.000000000 0.000000000 1.000000000
195 0.989365524 -0.000214319 -0.145450378 -11.823472477 -0.001654687 0.999917618 -0.012728682 -0.030690621 0.145441140 0.012833993 0.989283663 214.799600926 0.000000000 0.000000000 0.000000000 1.000000000
196 0.989271805 0.002389844 -0.146067044 -11.985984651 -0.004151201 0.999922292 -0.011754920 -0.035199625 0.146027618 0.012235164 0.989204851 215.932124086 0.000000000 0.000000000 0.000000000 1.000000000
197 0.989242886 0.004159927 -0.146223133 -12.149460212 -0.005785657 0.999926073 -0.010694611 -0.039079628 0.146167852 0.011425564 0.989193822 217.074555116 0.000000000 0.000000000 0.000000000 1.000000000
