0 1.000000000 0.000000000 -0.000000000 0.000000001 0.000000000 1.000000000 -0.000000000 0.000000000 -0.000000000 -0.000000000 1.000000000 -0.000000000 0.000000000 0.000000000 0.000000000 1.000000000
1 0.999999587 -0.000885776 -0.000204558 0.018848145 0.000885430 0.999998184 -0.001687703 0.013778965 0.000206052 0.001687520 0.999998555 1.174300280 0.000000000 0.000000000 0.000000000 1.000000000
2 0.999996964 0.002463678 -0.000044592 0.030064435 -0.002463633 0.999996481 0.000983953 0.022462618 0.000047016 -0.000983840 0.999999515 2.248313816 0.000000000 0.000000000 0.000000000 1.000000000
3 0.999995734 0.002920782 0.000039627 0.045798462 -0.002920948 0.999982516 0.005141653 0.034678516 -0.000024608 -0.005141746 0.999986781 3.321372540 0.000000000 0.000000000 0.000000000 1.000000000
4 0.999994201 0.003399638 -0.000200659 0.065242199 -0.003398083 0.999967538 0.007305919 0.050182878 0.000225490 -0.007305193 0.999973291 4.500497116 0.000000000 0.000000000 0.000000000 1.000000000
5 0.999995304 0.003042056 -0.000372071 0.082576604 -0.003038997 0.999963667 0.007964259 0.066670348 0.000396285 -0.007963090 0.999968216 5.568881018 0.000000000 0.000000000 0.000000000 1.000000000
6 0.999997627 0.002077918 -0.000654606 0.101323668 -0.002073180 0.999972239 0.007156978 0.084575126 0.000669460 -0.007155603 0.999974174 6.741381887 0.000000000 0.000000000 0.000000000 1.000000000
7 0.999996672 0.002428881 -0.000869534 0.111884461 -0.002423589 0.999978839 0.006037231 0.103399902 0.000884179 -0.006035102 0.999981398 7.810209594 0.000000000 0.000000000 0.000000000 1.000000000
8 0.999995107 0.002968150 -0.000987583 0.113137149 -0.002962842 0.999981380 0.005334994 0.123584090 0.001003400 -0.005332041 0.999985281 8.885516868 0.000000000 0.000000000 0.000000000 1.000000000
9 0.999990958 0.004069880 -0.001233234 0.112327512 -0.004063651 0.999979178 0.005013095 0.144835357 0.001253611 -0.005008037 0.999986674 10.068030791 0.000000000 0.000000000 0.000000000 1.000000000
10 0.999988042 0.004706970 -0.001326559 0.124795294 -0.004698977 0.999971163 0.005965980 0.160437221 0.001354602 -0.005959675 0.999981323 11.138761281 0.000000000 0.000000000 0.000000000 1.000000000
11 0.999989518 0.004405191 -0.001248304 0.161678708 -0.004396676 0.999967590 0.006744450 0.168226147 0.001277974 -0.006738890 0.999976477 12.211155753 0.000000000 0.000000000 0.000000000 1.000000000
12 0.999980316 0.006138094 -0.001300837 0.190138816 -0.006129825 0.999961562 0.006268924 0.180262321 0.001339267 -0.006260826 0.999979504 13.378151589 0.000000000 0.000000000 0.000000000 1.000000000
13 0.999985830 0.005180465 -0.001225433 0.223514827 -0.005173431 0.999970508 0.005676231 0.189582589 0.001254803 -0.005669811 0.999983139 14.437587487 0.000000000 0.000000000 0.000000000 1.000000000
14 0.999984087 0.005476603 -0.001353743 0.250086479 -0.005467333 0.999962206 0.006759769 0.201305267 0.001390712 -0.006752259 0.999976236 15.492598218 0.000000000 0.000000000 0.000000000 1.000000000
15 0.999982765 0.005695351 -0.001425568 0.278689110 -0.005683561 0.999950694 0.008142929 0.213967724 0.001471875 -0.008134685 0.999965830 16.647898319 0.000000000 0.000000000 0.000000000 1.000000000
16 0.999983944 0.005442066 -0.001579476 0.302791700 -0.005428303 0.999948357 0.008591676 0.227290333 0.001626151 -0.008582963 0.999961843 17.692143579 0.000000000 0.000000000 0.000000000 1.000000000
17 0.999995337 0.002571597 -0.001646796 0.329590600 -0.002556439 0.999954947 0.009141636 0.242514005 0.001670230 -0.009137382 0.999956858 18.733176767 0.000000000 0.000000000 0.000000000 1.000000000
18 0.999991854 0.003613449 -0.001798417 0.356672011 -0.003598461 0.999959337 0.008268904 0.256613426 0.001828223 -0.008262364 0.999964195 19.872069520 0.000000000 0.000000000 0.000000000 1.000000000
19 0.999987373 0.004635785 -0.001939764 0.377453492 -0.004625803 0.999976195 0.005119609 0.269592642 0.001963452 -0.005110571 0.999985013 20.901161239 0.000000000 0.000000000 0.000000000 1.000000000
20 0.999992678 0.003051073 -0.002309898 0.400408366 -0.003041917 0.999987544 0.003957069 0.285262295 0.002321943 -0.003950013 0.999989503 21.925864594 0.000000000 0.000000000 0.000000000 1.000000000
21 0.999975633 0.006651104 -0.002120297 0.417735641 -0.006639235 0.999962518 0.005557219 0.297490965 0.002157180 -0.005543006 0.999982311 23.053851142 0.000000000 0.000000000 0.000000000 1.000000000
22 0.999955586 0.009237539 -0.001869038 0.437104615 -0.009223238 0.999929175 0.007521767 0.306190125 0.001938389 -0.007504193 0.999969964 24.078385583 0.000000000 0.000000000 0.000000000 1.000000000
23 0.999938061 0.010963238 -0.001918735 0.456448455 -0.010947514 0.999907881 0.008023772 0.319307293 0.002006525 -0.008002268 0.999965968 25.098278345 0.000000000 0.000000000 0.000000000 1.000000000
24 0.999913462 0.013038726 -0.001749152 0.477984926 -0.013022513 0.999874856 0.008982554 0.334820641 0.001866054 -0.008958997 0.999958126 26.219843256 0.000000000 0.000000000 0.000000000 1.000000000
25 0.999890095 0.014685259 -0.002034952 0.536554955 -0.014669128 0.999862532 0.007728805 0.348859631 0.002148172 -0.007698103 0.999968062 27.247295453 0.000000000 0.000000000 0.000000000 1.000000000
26 0.999846658 0.017279810 -0.002840597 0.552842255 -0.017264101 0.999836024 0.005465942 0.345872755 0.002934582 -0.005416063 0.999981027 28.272627046 0.000000000 0.000000000 0.000000000 1.000000000
27 0.999803878 0.019513089 -0.003383099 0.572821607 -0.019498640 0.999800834 0.004253828 0.341157177 0.003465431 -0.004187028 0.999985230 29.402922455 0.000000000 0.000000000 0.000000000 1.000000000
28 0.999733785 0.022749268 -0.003850954 0.588253109 -0.022723936 0.999720647 0.006500123 0.342774896 0.003997751 -0.006410883 0.999971459 30.433896778 0.000000000 0.000000000 0.000000000 1.000000000
29 0.999690210 0.024560334 -0.004034215 0.644522239 -0.024525026 0.999662384 0.008581469 0.334792010 0.004243617 -0.008479870 0.999955041 31.491799630 0.000000000 0.000000000 0.000000000 1.000000000
30 0.999627295 0.026843796 -0.004968152 0.653611010 -0.026800666 0.999604193 0.008554643 0.339345241 0.005195826 -0.008418303 0.999951067 32.634887958 0.000000000 0.000000000 0.000000000 1.000000000
31 0.999628800 0.026614281 -0.005826037 0.659760272 -0.026569400 0.999617691 0.007651096 0.344361192 0.006027438 -0.007493461 0.999953758 33.669811760 0.000000000 0.000000000 0.000000000 1.000000000
32 0.999623834 0.026522582 -0.006981667 0.674192503 -0.026469165 0.999620463 0.007636360 0.358632732 0.007181554 -0.007448688 0.999946470 34.810788396 0.000000000 0.000000000 0.000000000 1.000000000
33 0.999625735 0.026254421 -0.007687370 0.712623237 -0.026190584 0.999622583 0.008291218 0.352320560 0.007902151 -0.008086777 0.999936078 35.871971266 0.000000000 0.000000000 0.000000000 1.000000000
34 0.999621876 0.026219296 -0.008285796 0.741585691 -0.026149725 0.999622772 0.008396799 0.355496315 0.008502829 -0.008176951 0.999930417 36.930228965 0.000000000 0.000000000 0.000000000 1.000000000
35 0.999605645 0.026929155 -0.007960888 0.774522213 -0.026862014 0.999603650 0.008424630 0.359474898 0.008184602 -0.008207461 0.999932823 38.100180103 0.000000000 0.000000000 0.000000000 1.000000000
36 0.999589738 0.027852775 -0.006676692 0.803827247 -0.027789378 0.999569526 0.009408099 0.370918612 0.006935860 -0.009218697 0.999933453 39.161989084 0.000000000 0.000000000 0.000000000 1.000000000
37 0.999586234 0.028360332 -0.004801263 0.835756454 -0.028307078 0.999540716 0.010819683 0.385057505 0.005105908 -0.010679295 0.999929939 40.226028216 0.000000000 0.000000000 0.000000000 1.000000000
38 0.999569258 0.029248489 -0.002413538 0.874133993 -0.029221177 0.999516030 0.010669018 0.405710143 0.002724423 -0.010593895 0.999940172 41.395584916 0.000000000 0.000000000 0.000000000 1.000000000
39 0.999588383 0.028688955 0.000087696 0.909301924 -0.028688502 0.999543346 0.009490480 0.438823975 0.000184616 -0.009489088 0.999954961 42.450814698 0.000000000 0.000000000 0.000000000 1.000000000
40 0.999638774 0.026768115 0.002406052 0.943249166 -0.026788042 0.999603552 0.008668254 0.468998695 -0.002173065 -0.008729575 0.999959535 43.514550238 0.000000000 0.000000000 0.000000000 1.000000000
41 0.999653420 0.025815572 0.005157116 0.980808233 -0.025862273 0.999623154 0.009202821 0.491714940 -0.004917597 -0.009333005 0.999944355 44.700065026 0.000000000 0.000000000 0.000000000 1.000000000
42 0.999674655 0.024326709 0.007667841 1.050590707 -0.024404147 0.999650425 0.010171827 0.525918495 -0.007417714 -0.010355644 0.999918866 45.772240259 0.000000000 0.000000000 0.000000000 1.000000000
43 0.999679763 0.023247607 0.009995994 1.116971012 -0.023347742 0.999677192 0.010019710 0.552146442 -0.009759834 -0.010249884 0.999899838 46.852473161 0.000000000 0.000000000 0.000000000 1.000000000
44 0.999651848 0.023310565 0.012361276 1.192708421 -0.023419312 0.999687645 0.008726342 0.567006385 -0.012154000 -0.009012795 0.999885518 48.051173445 0.000000000 0.000000000 0.000000000 1.000000000
45 0.999681422 0.020809894 0.014282958 1.258683828 -0.020926547 0.999748472 0.008066677 0.582826593 -0.014111500 -0.008362999 0.999865454 49.147113971 0.000000000 0.000000000 0.000000000 1.000000000
46 0.999665609 0.020590323 0.015643184 1.326338396 -0.020720542 0.999751613 0.008208018 0.595940004 -0.015470295 -0.008529408 0.999843947 50.245555254 0.000000000 0.000000000 0.000000000 1.000000000
47 0.999712984 0.016319947 0.017538797 1.407787588 -0.016479631 0.999823707 0.008998718 0.602739611 -0.017388849 -0.009285167 0.999805688 51.456832659 0.000000000 0.000000000 0.000000000 1.000000000
48 0.999722843 0.014680368 0.018404451 1.472466129 -0.014830416 0.999857676 0.008042813 0.600090737 -0.018283762 -0.008313529 0.999798274 52.561496054 0.000000000 0.000000000 0.000000000 1.000000000
49 0.999725408 0.013994645 0.018795191 1.532863838 -0.014057570 0.999896003 0.003219798 0.591842854 -0.018748178 -0.003483128 0.999818170 53.665896163 0.000000000 0.000000000 0.000000000 1.000000000
50 0.999722258 0.013301240 0.019454673 1.589748645 -0.013300348 0.999911531 -0.000175402 0.596040282 -0.019455287 -0.000083401 0.999810725 54.878624049 0.000000000 0.000000000 0.000000000 1.000000000
51 0.999666305 0.015682318 0.020526647 1.640610238 -0.015721880 0.999874842 0.001767187 0.595476792 -0.020496367 -0.002089315 0.999787744 55.984985458 0.000000000 0.000000000 0.000000000 1.000000000
52 0.999621370 0.017061846 0.021587244 1.688806810 -0.017178022 0.999838886 0.005207543 0.597060968 -0.021494918 -0.005576397 0.999753406 57.091944535 0.000000000 0.000000000 0.000000000 1.000000000
53 0.999627467 0.016580414 0.021679876 1.722384063 -0.016707900 0.999844095 0.005712341 0.598135366 -0.021581786 -0.006072438 0.999748644 58.305841292 0.000000000 0.000000000 0.000000000 1.000000000
54 0.999652019 0.015381105 0.021430429 1.754698944 -0.015494336 0.999866808 0.005127466 0.598064677 -0.021348711 -0.005457731 0.999757193 59.412180784 0.000000000 0.000000000 0.000000000 1.000000000
55 0.999697771 0.013256199 0.020703642 1.779200068 -0.013359476 0.999898958 0.004857869 0.592430812 -0.020637156 -0.005132990 0.999773855 60.623336247 0.000000000 0.000000000 0.000000000 1.000000000
56 0.999731678 0.012382174 0.019576893 1.812439843 -0.012487787 0.999908076 0.005281595 0.591790218 -0.019509698 -0.005524650 0.999794404 61.727510356 0.000000000 0.000000000 0.000000000 1.000000000
57 0.999774893 0.011187367 0.018027901 1.846369794 -0.011299396 0.999917405 0.006124214 0.585577359 -0.017957900 -0.006326539 0.999818728 62.833787181 0.000000000 0.000000000 0.000000000 1.000000000
58 0.999785690 0.012839929 0.016239175 1.875553046 -0.012931578 0.999900975 0.005551138 0.570580657 -0.016166292 -0.005759946 0.999852726 63.941166796 0.000000000 0.000000000 0.000000000 1.000000000
59 0.999802533 0.013674630 0.014418693 1.920047089 -0.013746823 0.999893406 0.004919482 0.559286010 -0.014349886 -0.005116721 0.999883943 65.160028204 0.000000000 0.000000000 0.000000000 1.000000000
60 0.999788276 0.015916742 0.013040696 1.955655124 -0.016003030 0.999850561 0.006539047 0.548090583 -0.012934669 -0.006746352 0.999893585 66.270033154 0.000000000 0.000000000 0.000000000 1.000000000
61 0.999762342 0.018496744 0.011538209 1.990279429 -0.018595651 0.999790749 0.008524132 0.547831193 -0.011378127 -0.008736666 0.999897099 67.378435730 0.000000000 0.000000000 0.000000000 1.000000000
62 0.999724890 0.021424650 0.009546151 2.014589547 -0.021504361 0.999734080 0.008326577 0.552022290 -0.009365220 -0.008529569 0.999919766 68.603718036 0.000000000 0.000000000 0.000000000 1.000000000
63 0.999680492 0.024140205 0.007494317 2.042970416 -0.024187918 0.999687314 0.006341766 0.552735484 -0.007338883 -0.006521010 0.999951807 69.718806116 0.000000000 0.000000000 0.000000000 1.000000000
64 0.999649501 0.025869776 0.005624074 2.071240075 -0.025897720 0.999652329 0.004952727 0.563445974 -0.005493993 -0.005096642 0.999971920 70.834595192 0.000000000 0.000000000 0.000000000 1.000000000
65 0.999607294 0.027781490 0.003666990 2.098836311 -0.027798659 0.999602422 0.004715220 0.571225461 -0.003534537 -0.004815305 0.999982160 72.066097390 0.000000000 0.000000000 0.000000000 1.000000000
66 0.999564171 0.029472351 0.001687958 2.121380188 -0.029478176 0.999559182 0.003532614 0.575124478 -0.001583100 -0.003580832 0.999992336 73.186252693 0.000000000 0.000000000 0.000000000 1.000000000
67 0.999560211 0.029654041 0.000149374 2.141382280 -0.029654349 0.999556341 0.002782168 0.586494710 -0.000066805 -0.002785373 0.999996119 74.307016834 0.000000000 0.000000000 0.000000000 1.000000000
68 0.999547821 0.030033542 -0.001463090 2.158252941 -0.030027446 0.999540954 0.004028982 0.599090829 0.001583423 -0.003983227 0.999990813 75.534988700 0.000000000 0.000000000 0.000000000 1.000000000
69 0.999528847 0.030562057 -0.002836336 2.161631695 -0.030543913 0.999513969 0.006236645 0.607388304 0.003025562 -0.006147073 0.999976529 76.652374647 0.000000000 0.000000000 0.000000000 1.000000000
70 0.999524713 0.030528010 -0.004288270 2.167344333 -0.030496003 0.999507920 0.007342469 0.619869186 0.004510311 -0.007208204 0.999963849 77.769931039 0.000000000 0.000000000 0.000000000 1.000000000
71 0.999501511 0.030991491 -0.006021398 2.168381398 -0.030944784 0.999491418 0.007702285 0.638625994 0.006257041 -0.007512114 0.999952208 78.999751313 0.000000000 0.000000000 0.000000000 1.000000000
72 0.999500513 0.030740418 -0.007331514 2.173936700 -0.030685479 0.999501004 0.007492910 0.657088548 0.007558191 -0.007264196 0.999945051 80.120886109 0.000000000 0.000000000 0.000000000 1.000000000
73 0.999485767 0.030763847 -0.009043608 2.172803872 -0.030684973 0.999490933 0.008735352 0.684189298 0.009307739 -0.008453356 0.999920950 81.356585489 0.000000000 0.000000000 0.000000000 1.000000000
74 0.999499193 0.029856036 -0.010487200 2.177964826 -0.029740095 0.999496658 0.011043424 0.705167574 0.010811636 -0.010726002 0.999884024 82.483356210 0.000000000 0.000000000 0.000000000 1.000000000
75 0.999537167 0.027874629 -0.012184301 2.187801119 -0.027721139 0.999536403 0.012590353 0.724431213 0.012529605 -0.012246761 0.999846501 83.610233780 0.000000000 0.000000000 0.000000000 1.000000000
76 0.999545502 0.026559280 -0.014261617 2.202470370 -0.026372373 0.999565851 0.013137986 0.743918698 0.014604363 -0.012755901 0.999811982 84.849108323 0.000000000 0.000000000 0.000000000 1.000000000
77 0.999535867 0.025823856 -0.016161014 2.212423101 -0.025624646 0.999594541 0.012414955 0.763184304 0.016475065 -0.011995071 0.999792324 85.977101472 0.000000000 0.000000000 0.000000000 1.000000000
78 0.999486644 0.026509819 -0.017991055 2.223832864 -0.026314647 0.999593186 0.011000088 0.783191372 0.018275348 -0.010521012 0.999777635 87.107246095 0.000000000 0.000000000 0.000000000 1.000000000
79 0.999448628 0.026587499 -0.019888307 2.236552636 -0.026383985 0.999597505 0.010426549 0.806957833 0.020157520 -0.009896066 0.999747839 88.356247892 0.000000000 0.000000000 0.000000000 1.000000000
80 0.999395238 0.027599574 -0.021152358 2.249879939 -0.027370834 0.999564509 0.011028542 0.824705846 0.021447532 -0.010442913 0.999715434 89.495059228 0.000000000 0.000000000 0.000000000 1.000000000
81 0.999356131 0.028485473 -0.021815159 2.259310601 -0.028261489 0.999545331 0.010508108 0.842382807 0.022104571 -0.009884812 0.999706796 90.632609570 0.000000000 0.000000000 0.000000000 1.000000000
82 0.999374462 0.027637158 -0.022065167 2.271808974 -0.027418869 0.999572650 0.010135269 0.862239622 0.022335850 -0.009523926 0.999705159 91.883380234 0.000000000 0.000000000 0.000000000 1.000000000
83 0.999416413 0.025978743 -0.022179702 2.277663966 -0.025738579 0.999607678 0.011046105 0.894342149 0.022457967 -0.010468783 0.999692975 93.013308401 0.000000000 0.000000000 0.000000000 1.000000000
84 0.999488362 0.023281668 -0.021931208 2.285477837 -0.023029528 0.999666549 0.011680399 0.924079476 0.022195837 -0.011169356 0.999691248 94.141681802 0.000000000 0.000000000 0.000000000 1.000000000
85 0.999549261 0.020951689 -0.021501196 2.296088660 -0.020698761 0.999714702 0.011919595 0.957105425 0.021744800 -0.011469172 0.999697765 95.379326208 0.000000000 0.000000000 0.000000000 1.000000000
86 0.999623518 0.018594914 -0.020175529 2.307623450 -0.018358690 0.999761460 0.011831402 0.983664604 0.020390723 -0.011456550 0.999726446 96.503701203 0.000000000 0.000000000 0.000000000 1.000000000
87 0.999685043 0.017177919 -0.018295721 2.319706593 -0.016949315 0.999777235 0.012577789 1.011099254 0.018507708 -0.012263726 0.999753502 97.625507996 0.000000000 0.000000000 0.000000000 1.000000000
88 0.999722403 0.017352350 -0.015937770 2.332551929 -0.017173377 0.999788683 0.011298843 1.036152030 0.016130465 -0.011022000 0.999809144 98.855922773 0.000000000 0.000000000 0.000000000 1.000000000
89 0.999788803 0.015552631 -0.013433732 2.349538376 -0.015425256 0.999835567 0.009534191 1.060577136 0.013579806 -0.009324957 0.999864308 99.970277551 0.000000000 0.000000000 0.000000000 1.000000000
90 0.999826384 0.015028694 -0.011015469 2.369594241 -0.014947045 0.999860474 0.007457777 1.079946783 0.011126014 -0.007291833 0.999911517 101.194005381 0.000000000 0.000000000 0.000000000 1.000000000
91 0.999839671 0.015755550 -0.008508565 2.389623572 -0.015721095 0.999868003 0.004101666 1.093354929 0.008572067 -0.003967244 0.999955389 102.303495380 0.000000000 0.000000000 0.000000000 1.000000000
92 0.999861615 0.015468076 -0.006122911 2.414015652 -0.015449648 0.999876007 0.003046295 1.103844008 0.006169273 -0.002951276 0.999976615 103.415755724 0.000000000 0.000000000 0.000000000 1.000000000
93 0.999866871 0.015908454 -0.003627756 2.442469356 -0.015887843 0.999857861 0.005642252 1.113960773 0.003717000 -0.005583863 0.999977502 104.639553483 0.000000000 0.000000000 0.000000000 1.000000000
94 0.999850477 0.017221570 -0.001562752 2.468513328 -0.017208193 0.999818254 0.008205914 1.124591983 0.001703787 -0.008177794 0.999965110 105.749687208 0.000000000 0.000000000 0.000000000 1.000000000
95 0.999863847 0.016500775 -0.000108526 2.497100163 -0.016499290 0.999828733 0.008383190 1.136501294 0.000246837 -0.008380257 0.999964855 106.858365678 0.000000000 0.000000000 0.000000000 1.000000000
96 0.999873920 0.015863669 0.000699310 2.517536839 -0.015868618 0.999844079 0.007746259 1.155230787 -0.000576317 -0.007756378 0.999969753 108.077201201 0.000000000 0.000000000 0.000000000 1.000000000
97 0.999894624 0.014503019 0.000635315 2.535897345 -0.014507057 0.999871042 0.006887956 1.170279994 -0.000535337 -0.006896446 0.999976076 109.185125295 0.000000000 0.000000000 0.000000000 1.000000000
98 0.999889430 0.014870316 -0.000045865 2.540324543 -0.014869599 0.999863302 0.007229938 1.179321117 0.000153370 -0.007228456 0.999973863 110.296933364 0.000000000 0.000000000 0.000000000 1.000000000
99 0.999886996 0.015012145 -0.000793732 2.553473602 -0.015005628 0.999858020 0.007666192 1.189924032 0.000908706 -0.007653415 0.999970299 111.521923620 0.000000000 0.000000000 0.000000000 1.000000000
100 0.999850950 0.017194360 -0.001559383 2.554671413 -0.017181743 0.999822154 0.007774786 1.194332537 0.001692788 -0.007746833 0.999968560 112.639918084 0.000000000 0.000000000 0.000000000 1.000000000
101 0.999835896 0.018005946 -0.001991935 2.562188987 -0.017990404 0.999809541 0.007564866 1.204217585 0.002127768 -0.007527788 0.999969402 113.756974632 0.000000000 0.000000000 0.000000000 1.000000000
102 0.999760937 0.021686835 -0.002783811 2.564989134 -0.021665622 0.999737601 0.007438415 1.213178021 0.002944397 -0.007376323 0.999968460 114.987174462 0.000000000 0.000000000 0.000000000 1.000000000
103 0.999722108 0.023322909 -0.003427766 2.573001755 -0.023297751 0.999702598 0.007206256 1.224239422 0.003594818 -0.007124394 0.999968160 116.102652375 0.000000000 0.000000000 0.000000000 1.000000000
104 0.999677311 0.025078663 -0.004041500 2.583737890 -0.025047997 0.999658346 0.007469143 1.231394149 0.004227436 -0.007365501 0.999963938 117.219521806 0.000000000 0.000000000 0.000000000 1.000000000
105 0.999604985 0.027728992 -0.004580131 2.590481612 -0.027690941 0.999583116 0.008173525 1.223307127 0.004804866 -0.008043467 0.999956107 118.446660153 0.000000000 0.000000000 0.000000000 1.000000000
106 0.999535442 0.030101300 -0.004776182 2.594007169 -0.030058661 0.999509726 0.008762715 1.220787360 0.005037610 -0.008615077 0.999950200 119.550964513 0.000000000 0.000000000 0.000000000 1.000000000
107 0.999486679 0.031670937 -0.004830130 2.595273172 -0.031630206 0.999465263 0.008289580 1.216623517 0.005090086 -0.008132546 0.999953975 120.650548270 0.000000000 0.000000000 0.000000000 1.000000000
108 0.999370500 0.035144445 -0.004844856 2.601507410 -0.035107369 0.999355118 0.007538003 1.220783251 0.005106651 -0.007363166 0.999959852 121.858204939 0.000000000 0.000000000 0.000000000 1.000000000
109 0.999303376 0.036983734 -0.004996545 2.604645910 -0.036950459 0.999295323 0.006597035 1.217239142 0.005237007 -0.006407814 0.999965756 122.955272709 0.000000000 0.000000000 0.000000000 1.000000000
110 0.999284512 0.037484494 -0.005037602 2.606521294 -0.037456170 0.999282548 0.005605806 1.219310996 0.005244119 -0.005413106 0.999971598 124.048907075 0.000000000 0.000000000 0.000000000 1.000000000
111 0.999235924 0.038764075 -0.004991446 2.601819840 -0.038730173 0.999227107 0.006720301 1.221157438 0.005248095 -0.006521846 0.999964961 125.248542032 0.000000000 0.000000000 0.000000000 1.000000000
112 0.999202387 0.039614454 -0.005028445 2.603313687 -0.039572594 0.999183299 0.008169713 1.226791572 0.005347977 -0.007964207 0.999953984 126.336533914 0.000000000 0.000000000 0.000000000 1.000000000
113 0.999168862 0.040495165 -0.004661119 2.606890030 -0.040450851 0.999138802 0.009240294 1.233445673 0.005031293 -0.009044066 0.999946444 127.420607435 0.000000000 0.000000000 0.000000000 1.000000000
114 0.999081363 0.042641305 -0.004260125 2.589917890 -0.042606368 0.999060048 0.007982378 1.245254681 0.004596501 -0.007793536 0.999959066 128.591723254 0.000000000 0.000000000 0.000000000 1.000000000
115 0.999011775 0.044276968 -0.003876003 2.583185890 -0.044247636 0.998993524 0.007354365 1.258546988 0.004197731 -0.007175592 0.999965444 129.657065984 0.000000000 0.000000000 0.000000000 1.000000000
116 0.998992063 0.044768015 -0.003268537 2.575942505 -0.044740190 0.998965465 0.008143433 1.272702860 0.003629722 -0.007988989 0.999961500 130.824644283 0.000000000 0.000000000 0.000000000 1.000000000
117 0.998980906 0.045056083 -0.002664453 2.578170483 -0.045028928 0.998940493 0.009501985 1.298731988 0.003089753 -0.009372323 0.999951305 131.880068485 0.000000000 0.000000000 0.000000000 1.000000000
118 0.999033291 0.043911255 -0.002070244 2.567700401 -0.043884288 0.998968707 0.011648709 1.317328896 0.002579619 -0.011546596 0.999930008 132.932107302 0.000000000 0.000000000 0.000000000 1.000000000
119 0.999156554 0.041027833 -0.001702173 2.573889851 -0.040999995 0.999060585 0.014033795 1.335390619 0.002276351 -0.013952168 0.999900073 134.093501635 0.000000000 0.000000000 0.000000000 1.000000000
120 0.999196689 0.040047390 -0.001477312 2.551029550 -0.040023806 0.999107118 0.013530002 1.343481283 0.002017834 -0.013460004 0.999907374 135.146358597 0.000000000 0.000000000 0.000000000 1.000000000
121 0.999256508 0.038524285 -0.001520384 2.542408496 -0.038504119 0.999191085 0.011602053 1.357153134 0.001966115 -0.011534884 0.999931538 136.193665337 0.000000000 0.000000000 0.000000000 1.000000000
122 0.999321402 0.036811365 -0.001287616 2.530618971 -0.036794963 0.999261898 0.011035809 1.371621912 0.001692909 -0.010980941 0.999938275 137.343352845 0.000000000 0.000000000 0.000000000 1.000000000
123 0.999382889 0.035121032 -0.000595032 2.528509746 -0.035109302 0.999285709 0.013978843 1.386906767 0.001085559 -0.013949324 0.999902114 138.389493866 0.000000000 0.000000000 0.000000000 1.000000000
124 0.999340369 0.036314557 -0.000283314 2.529110749 -0.036305214 0.999209418 0.016200909 1.405963007 0.000871419 -0.016179934 0.999868717 139.430473197 0.000000000 0.000000000 0.000000000 1.000000000
125 0.999440521 0.033441600 -0.000551933 2.532186638 -0.033429720 0.999330544 0.014863301 1.422876877 0.001048616 -0.014836532 0.999889383 140.571401990 0.000000000 0.000000000 0.000000000 1.000000000
126 0.999461567 0.032798132 -0.000927004 2.539049603 -0.032781532 0.999360035 0.014314023 1.429655358 0.001395884 -0.014275926 0.999897119 141.612813394 0.000000000 0.000000000 0.000000000 1.000000000
127 0.999472574 0.032467200 -0.000674744 2.541609682 -0.032453531 0.999361762 0.014927731 1.434333961 0.001158975 -0.014897958 0.999888348 142.653166129 0.000000000 0.000000000 0.000000000 1.000000000
128 0.999500057 0.031615457 -0.000315629 2.551347237 -0.031606038 0.999365792 0.016403447 1.448004209 0.000834031 -0.016385268 0.999865405 143.786411499 0.000000000 0.000000000 0.000000000 1.000000000
129 0.999492497 0.031855092 0.000045248 2.557148158 -0.031850816 0.999332715 0.017878747 1.452411063 0.000524311 -0.017871112 0.999840161 144.821393388 0.000000000 0.000000000 0.000000000 1.000000000
130 0.999526083 0.030780309 0.000426453 2.564784545 -0.030783006 0.999364123 0.017993247 1.461660110 0.000127656 -0.017997845 0.999838018 145.846671188 0.000000000 0.000000000 0.000000000 1.000000000
131 0.999603196 0.028155070 0.000862117 2.573163029 -0.028165631 0.999460374 0.016901391 1.475454613 -0.000385793 -0.016918964 0.999856790 146.961747921 0.000000000 0.000000000 0.000000000 1.000000000
132 0.999679062 0.025298559 0.001325462 2.592090067 -0.025314798 0.999579473 0.014143477 1.494438745 -0.000967095 -0.014172490 0.999899098 147.961533135 0.000000000 0.000000000 0.000000000 1.000000000
133 0.999718623 0.023660129 0.001695210 2.614795999 -0.023676753 0.999663848 0.010564185 1.516008066 -0.001444690 -0.010601349 0.999942760 148.955264932 0.000000000 0.000000000 0.000000000 1.000000000
134 0.999793512 0.020204587 0.002170035 2.644617197 -0.020219517 0.999770414 0.007091595 1.538648621 -0.002026255 -0.007134007 0.999972500 150.044427539 0.000000000 0.000000000 0.000000000 1.000000000
135 0.999795724 0.020071364 0.002377214 2.669345336 -0.020083069 0.999785788 0.005004930 1.553046500 -0.002276249 -0.005051648 0.999984650 151.032766486 0.000000000 0.000000000 0.000000000 1.000000000
136 0.999789175 0.020250965 0.003391849 2.693351823 -0.020266226 0.999784376 0.004525541 1.565708222 -0.003299471 -0.004593327 0.999984007 152.116365026 0.000000000 0.000000000 0.000000000 1.000000000
137 0.999749815 0.021994963 0.004065601 2.709473638 -0.022021037 0.999736491 0.006482454 1.577384200 -0.003921949 -0.006570360 0.999970724 153.096856336 0.000000000 0.000000000 0.000000000 1.000000000
138 0.999710444 0.023428595 0.005489023 2.728406481 -0.023480937 0.999677492 0.009672511 1.591465972 -0.005260640 -0.009798596 0.999938155 154.076474359 0.000000000 0.000000000 0.000000000 1.000000000
139 0.999607574 0.027136596 0.006950122 2.746594629 -0.027208616 0.999574785 0.010485288 1.607199886 -0.006662633 -0.010670276 0.999920874 155.141502086 0.000000000 0.000000000 0.000000000 1.000000000
140 0.999544950 0.028839357 0.008842204 2.767000215 -0.028922731 0.999536979 0.009450024 1.623804259 -0.008565579 -0.009701463 0.999916253 156.102491644 0.000000000 0.000000000 0.000000000 1.000000000
141 0.999481111 0.030443242 0.010522215 2.788236157 -0.030519742 0.999508325 0.007187087 1.638722579 -0.010298245 -0.007504492 0.999918811 157.052080289 0.000000000 0.000000000 0.000000000 1.000000000
142 0.999429563 0.031295558 0.012693928 2.814233693 -0.031368010 0.999492502 0.005548553 1.652585456 -0.012513843 -0.005943570 0.999904034 158.086159865 0.000000000 0.000000000 0.000000000 1.000000000
143 0.999379130 0.032107583 0.014507163 2.839120572 -0.032181228 0.999470180 0.004871220 1.663044478 -0.014343075 -0.005335054 0.999882900 159.013696202 0.000000000 0.000000000 0.000000000 1.000000000
144 0.999339992 0.032431930 0.016363092 2.865416337 -0.032532392 0.999453205 0.005910615 1.672460442 -0.016162454 -0.006439044 0.999848645 159.930692522 0.000000000 0.000000000 0.000000000 1.000000000
145 0.999336452 0.031415898 0.018430870 2.898319015 -0.031575042 0.999466022 0.008407629 1.683062559 -0.018156897 -0.008984005 0.999794786 160.925704149 0.000000000 0.000000000 0.000000000 1.000000000
146 0.999338377 0.030117877 0.020389251 2.930054698 -0.030347574 0.999478314 0.011051022 1.693946382 -0.020045784 -0.011662473 0.999731040 161.816781258 0.000000000 0.000000000 0.000000000 1.000000000
147 0.999309847 0.029556772 0.022499493 2.961682959 -0.029860585 0.999465736 0.013288668 1.706165622 -0.022094705 -0.013951343 0.999658534 162.694547937 0.000000000 0.000000000 0.000000000 1.000000000
148 0.999277273 0.028971161 0.024609013 2.999221062 -0.029306901 0.999480728 0.013393272 1.719243112 -0.024208218 -0.014104804 0.999607431 163.642018666 0.000000000 0.000000000 0.000000000 1.000000000
149 0.999230397 0.028911437 0.026509302 3.032027130 -0.029247689 0.999495463 0.012385166 1.740956797 -0.026137857 -0.013150968 0.999571841 164.488481028 0.000000000 0.000000000 0.000000000 1.000000000
150 0.999185386 0.028841373 0.028226589 3.068361165 -0.029156216 0.999516450 0.010806498 1.760804826 -0.027901269 -0.011620674 0.999543135 165.403699162 0.000000000 0.000000000 0.000000000 1.000000000
151 0.999145079 0.028816376 0.029643346 3.101905630 -0.029113375 0.999529665 0.009636405 1.778774837 -0.029351721 -0.010491183 0.999514088 166.220546504 0.000000000 0.000000000 0.000000000 1.000000000
152 0.999069057 0.029911577 0.031085641 3.134830615 -0.030210194 0.999501402 0.009181046 1.793133234 -0.030795526 -0.010111601 0.999474558 167.023535054 0.000000000 0.000000000 0.000000000 1.000000000
153 0.999003646 0.030407283 0.032666676 3.172264789 -0.030724211 0.999485155 0.009243789 1.806460481 -0.032368783 -0.010238236 0.999423554 167.888981020 0.000000000 0.000000000 0.000000000 1.000000000
154 0.999002971 0.029110520 0.033847318 3.209189385 -0.029478233 0.999511153 0.010415775 1.817743710 -0.033527567 -0.011403148 0.999372739 168.659939574 0.000000000 0.000000000 0.000000000 1.000000000
155 0.999027606 0.027273675 0.034640857 3.246971980 -0.027692353 0.999548438 0.011664243 1.829161218 -0.034307091 -0.012612186 0.999331755 169.414860547 0.000000000 0.000000000 0.000000000 1.000000000
156 0.998986583 0.027335057 0.035757537 3.285870604 -0.027764381 0.999547589 0.011565309 1.841518007 -0.035425226 -0.012546373 0.999293572 170.223503289 0.000000000 0.000000000 0.000000000 1.000000000
157 0.998943106 0.027665731 0.036705285 3.319333990 -0.028048908 0.999556876 0.009965441 1.852005640 -0.036413323 -0.010984450 0.999276444 170.939041391 0.000000000 0.000000000 0.000000000 1.000000000
158 0.998927131 0.027367260 0.037358003 3.354617634 -0.027680076 0.999585759 0.007881805 1.861735295 -0.037126829 -0.008907420 0.999270863 171.634252398 0.000000000 0.000000000 0.000000000 1.000000000
159 0.998934476 0.025525300 0.038449592 3.395028884 -0.025806329 0.999643627 0.006830286 1.872924772 -0.038261549 -0.007815250 0.999237197 172.379445399 0.000000000 0.000000000 0.000000000 1.000000000
160 0.998887016 0.025720020 0.039537449 3.429004879 -0.026029803 0.999634218 0.007340218 1.881617338 -0.039334201 -0.008361199 0.999191128 173.036252851 0.000000000 0.000000000 0.000000000 1.000000000
161 0.998808028 0.026601510 0.040925321 3.461130542 -0.026971191 0.999600010 0.008507350 1.889031999 -0.040682647 -0.009601013 0.999125990 173.675755011 0.000000000 0.000000000 0.000000000 1.000000000
162 0.998733874 0.026800975 0.042571784 3.498089409 -0.027228512 0.999584144 0.009494584 1.895759923 -0.042299621 -0.010641728 0.999048295 174.358118557 0.000000000 0.000000000 0.000000000 1.000000000
163 0.998669018 0.026505406 0.044245414 3.532630835 -0.026957861 0.999589889 0.009660634 1.902443649 -0.043971214 -0.010840536 0.998973981 174.958998192 0.000000000 0.000000000 0.000000000 1.000000000
164 0.998556717 0.027153801 0.046337385 3.566402502 -0.027573483 0.999584133 0.008441812 1.909017862 -0.046088893 -0.009707311 0.998890175 175.543185219 0.000000000 0.000000000 0.000000000 1.000000000
165 0.998399138 0.027506472 0.049422212 3.604682371 -0.027843276 0.999593449 0.006139088 1.916014164 -0.049233261 -0.007505336 0.998759108 176.165998379 0.000000000 0.000000000 0.000000000 1.000000000
166 0.998299420 0.026092685 0.052129057 3.638134923 -0.026371364 0.999641330 0.004665040 1.922525771 -0.051988642 -0.006031821 0.998629460 176.713447449 0.000000000 0.000000000 0.000000000 1.000000000
167 0.998146375 0.025082960 0.055449608 3.679596650 -0.025378789 0.999667151 0.004637158 1.928565451 -0.055314845 -0.006035806 0.998450719 177.304704323 0.000000000 0.000000000 0.000000000 1.000000000
168 0.997977349 0.024842732 0.058515368 3.721953889 -0.025194759 0.999668588 0.005285681 1.932935405 -0.058364671 -0.006749270 0.998272514 177.833008490 0.000000000 0.000000000 0.000000000 1.000000000
169 0.997757059 0.026319029 0.061548022 3.765892131 -0.026704319 0.999628543 0.005445578 1.920187500 -0.061381845 -0.007076962 0.998089268 178.353685959 0.000000000 0.000000000 0.000000000 1.000000000
170 0.997539359 0.026855684 0.064761096 3.803839688 -0.027307896 0.999608412 0.006107468 1.925312224 -0.064571724 -0.007860929 0.997882107 178.891330872 0.000000000 0.000000000 0.000000000 1.000000000
171 0.997370265 0.026477190 0.067464894 3.851198375 -0.027026688 0.999608457 0.007245033 1.930911453 -0.067246659 -0.009049333 0.997695343 179.356092884 0.000000000 0.000000000 0.000000000 1.000000000
172 0.997185736 0.026410237 0.070164854 3.907727764 -0.026987780 0.999609139 0.007295804 1.931883922 -0.069944754 -0.009168864 0.997508729 179.804790062 0.000000000 0.000000000 0.000000000 1.000000000
173 0.997016654 0.024405439 0.073226813 3.985323415 -0.025005274 0.999660770 0.007285701 1.926300570 -0.073024170 -0.009095020 0.997288700 180.286275402 0.000000000 0.000000000 0.000000000 1.000000000
174 0.996890664 0.023761974 0.075129040 4.039217967 -0.024487837 0.999661791 0.008754965 1.914311907 -0.074895604 -0.010567489 0.997135386 180.724870605 0.000000000 0.000000000 0.000000000 1.000000000
175 0.996738057 0.025902675 0.076434916 4.086929905 -0.026611690 0.999611621 0.008271904 1.900802249 -0.076190975 -0.010278982 0.997040259 181.147716472 0.000000000 0.000000000 0.000000000 1.000000000
176 0.996587725 0.028381322 0.077507456 4.137957334 -0.028993798 0.999556543 0.006787991 1.884627855 -0.077280442 -0.009012064 0.996968664 181.594594971 0.000000000 0.000000000 0.000000000 1.000000000
177 0.996576163 0.029382974 0.077282537 4.178028636 -0.029962388 0.999530868 0.006348202 1.874995676 -0.077059761 -0.008642035 0.996989022 181.947252611 0.000000000 0.000000000 0.000000000 1.000000000
178 0.996774397 0.030620025 0.074183661 4.214234016 -0.031216010 0.999488931 0.006887446 1.871972866 -0.073934863 -0.009180947 0.997220812 182.319595611 0.000000000 0.000000000 0.000000000 1.000000000
179 0.996961379 0.031860086 0.071084060 4.250432760 -0.032468993 0.999445151 0.007426638 1.868951521 -0.070808014 -0.009712098 0.997442681 182.691922921 0.000000000 0.000000000 0.000000000 1.000000000
180 0.997137097 0.033103118 0.067983764 4.286624917 -0.033721333 0.999399529 0.007965775 1.865931638 -0.067679258 -0.010235472 0.997654627 183.064234507 0.000000000 0.000000000 0.000000000 1.000000000
181 0.997301540 0.034349083 0.064882806 4.322810556 -0.034973028 0.999352067 0.008504856 1.862913216 -0.064548640 -0.010751053 0.997856647 183.436530346 0.000000000 0.000000000 0.000000000 1.000000000
182 0.997454694 0.035597943 0.061781217 4.358989725 -0.036224075 0.999302769 0.009043878 1.859896250 -0.061416205 -0.011258825 0.998048741 183.808810407 0.000000000 0.000000000 0.000000000 1.000000000
183 0.997653609 0.037513569 0.057271350 4.374044772 -0.038182340 0.999214275 0.010627418 1.855950185 -0.056827685 -0.012789235 0.998302084 184.034401344 0.000000000 0.000000000 0.000000000 1.000000000
184 0.997998700 0.038734914 0.049982002 4.391791341 -0.039349072 0.999160925 0.011362104 1.854778824 -0.049499959 -0.013306109 0.998685487 184.326096342 0.000000000 0.000000000 0.000000000 1.000000000
185 0.998305416 0.040108137 0.042161997 4.403176861 -0.040635873 0.999105111 0.011734678 1.857369067 -0.041653616 -0.013428081 0.999041873 184.572350674 0.000000000 0.000000000 0.000000000 1.000000000
186 0.998597549 0.040917646 0.033595855 4.411181058 -0.041341464 0.999072791 0.012018379 1.858736963 -0.033072945 -0.013390424 0.999363236 184.801925127 0.000000000 0.000000000 0.000000000 1.000000000
187 0.998823410 0.042501344 0.023354487 4.415522571 -0.042791511 0.999011139 0.012067746 1.859257342 -0.022818500 -0.013052919 0.999654409 185.034577488 0.000000000 0.000000000 0.000000000 1.000000000
188 0.998944914 0.043790103 0.013837851 4.415899853 -0.043961448 0.998957140 0.012329804 1.862337995 -0.013283499 -0.012925125 0.999828230 185.230294507 0.000000000 0.000000000 0.000000000 1.000000000
189 0.998976901 0.044990569 0.004582614 4.415168673 -0.045045413 0.998904692 0.012662075 1.864318952 -0.004007922 -0.012855545 0.999909332 185.409979097 0.000000000 0.000000000 0.000000000 1.000000000
190 0.998914887 0.046261477 -0.005378211 4.411299486 -0.046186909 0.998844933 0.013250265 1.868204495 0.005984976 -0.012987482 0.999897747 185.591317395 0.000000000 0.000000000 0.000000000 1.000000000
191 0.998752989 0.047792474 -0.014434189 4.405866950 -0.047590453 0.998768390 0.014030379 1.868457979 0.015086960 -0.013325952 0.999797381 185.738687552 0.000000000 0.000000000 0.000000000 1.000000000
192 0.998497135 0.048853998 -0.024834625 4.397970319 -0.048535179 0.998733145 0.013283124 1.869659491 0.025452099 -0.012057806 0.999603321 185.879350611 0.000000000 0.000000000 0.000000000 1.000000000
193 0.998041201 0.050400153 -0.037061909 4.386618382 -0.050000777 0.998681511 0.011625890 1.870936713 0.037598995 -0.009749991 0.999245342 186.030502157 0.000000000 0.000000000 0.000000000 1.000000000
194 0.997524016 0.050820502 -0.048611859 4.374917566 -0.050335260 0.998670072 0.011155640 1.874084380 0.049114150 -0.008681127 0.998755445 186.168650154 0.000000000 0.000000000 0.000000000 1.000000000
195 0.996798064 0.051162679 -0.061449154 4.361553386 -0.050502076 0.998648740 0.012257057 1.878371363 0.061993231 -0.009114499 0.998034952 186.308027429 0.000000000 0.000000000 0.000000000 1.000000000
196 0.995811997 0.051632367 -0.075449092 4.343861408 -0.050713800 0.998614511 0.014041691 1.880357586 0.076069572 -0.010156573 0.997050783 186.461891256 0.000000000 0.000000000 0.000000000 1.000000000
197 0.994710795 0.052659093 -0.088189874 4.324437771 -0.051506508 0.998555511 0.015296095 1.882787483 0.088867974 -0.010672836 0.995986232 186.599887300 0.000000000 0.000000000 0.000000000 1.000000000
198 0.993368980 0.053460615 -0.101784237 4.303319006 -0.052048924 0.998508595 0.016477106 1.885080239 0.102513323 -0.011070084 0.994670032 186.733509598 0.000000000 0.000000000 0.000000000 1.000000000
199 0.991652473 0.054041265 -0.117067980 4.276498547 -0.052317406 0.998472732 0.017750866 1.877811706 0.117848479 -0.011477996 0.992965253 186.888424221 0.000000000 0.000000000 0.000000000 1.000000000
