0 1.000000000 0.000000000 -0.000000000 0.000000000 -0.000000000 1.000000000 -0.000000000 -0.000000000 -0.000000000 -0.000000000 1.000000000 -0.000000000 0.000000000 0.000000000 0.000000000 1.000000000
1 0.999986015 0.000010726 0.005288725 0.005015332 -0.000017095 0.999999275 0.001204146 -0.005702657 -0.005288709 -0.001204220 0.999985290 0.759851542 0.000000000 0.000000000 0.000000000 1.000000000
2 0.999922859 0.001374459 0.012344475 0.015433097 -0.001419479 0.999992372 0.003638917 -0.007606994 -0.012339381 -0.003656159 0.999917183 1.576997641 0.000000000 0.000000000 0.000000000 1.000000000
3 0.999798678 0.001404731 0.020015759 0.037402916 -0.001526849 0.999980308 0.006087094 -0.003678275 -0.020006817 -0.006116429 0.999781134 2.301433378 0.000000000 0.000000000 0.000000000 1.000000000
4 0.999578126 0.002705636 0.028917975 0.064480654 -0.002964026 0.999956036 0.008896097 -0.001159808 -0.028892637 -0.008978057 0.999542200 3.007585792 0.000000000 0.000000000 0.000000000 1.000000000
5 0.999133225 0.005108535 0.041312242 0.104359680 -0.005489750 0.999943348 0.009119430 -0.000637135 -0.041263320 -0.009338319 0.999104666 3.759685209 0.000000000 0.000000000 0.000000000 1.000000000
6 0.998476200 0.007431450 0.054681363 0.154710107 -0.007884266 0.999936356 0.008069895 -0.004304550 -0.054617918 -0.008488720 0.998471244 4.425369451 0.000000000 0.000000000 0.000000000 1.000000000
7 0.997535651 0.008111076 0.069690992 0.217087095 -0.008494933 0.999950327 0.005213348 -0.000097455 -0.069645253 -0.005792521 0.997555004 5.071805236 0.000000000 0.000000000 0.000000000 1.000000000
8 0.995972986 0.009539458 0.089144878 0.291277534 -0.009884177 0.999945280 0.003426285 0.008383483 -0.089107326 -0.004293611 0.996012776 5.762586577 0.000000000 0.000000000 0.000000000 1.000000000
9 0.993904990 0.010763239 0.109713362 0.368392734 -0.011178330 0.999932499 0.003169014 0.024042983 -0.109671860 -0.004376111 0.993958216 6.377248446 0.000000000 0.000000000 0.000000000 1.000000000
10 0.991151042 0.009985892 0.132362725 0.458501372 -0.010498714 0.999939840 0.003177006 0.037768650 -0.132323052 -0.004538531 0.991196254 6.973810075 0.000000000 0.000000000 0.000000000 1.000000000
11 0.987046568 0.010575255 0.160085082 0.578781139 -0.010856468 0.999940678 0.000882091 0.042561251 -0.160066276 -0.002608624 0.987102824 7.614361536 0.000000000 0.000000000 0.000000000 1.000000000
12 0.981794352 0.014405631 0.189399905 0.704202347 -0.013989905 0.999895899 -0.003531812 0.044026237 -0.189431088 0.000817825 0.981893680 8.184794795 0.000000000 0.000000000 0.000000000 1.000000000
13 0.974243252 0.018412893 0.224746625 0.858334102 -0.016465306 0.999808914 -0.010537049 0.054515916 -0.224897723 0.006565125 0.974360262 8.798719263 0.000000000 0.000000000 0.000000000 1.000000000
14 0.965672882 0.020366805 0.258961524 1.024875726 -0.017059577 0.999741769 -0.015012189 0.063395755 -0.259200432 0.010079087 0.965770965 9.347599182 0.000000000 0.000000000 0.000000000 1.000000000
15 0.955434257 0.020431914 0.294496020 1.217321590 -0.016149385 0.999725626 -0.016966737 0.066383866 -0.294761916 0.011454670 0.955502074 9.889521316 0.000000000 0.000000000 0.000000000 1.000000000
16 0.941990470 0.021629047 0.334941972 1.456050255 -0.015935201 0.999678177 -0.019738592 0.063629722 -0.335261146 0.013256195 0.942031980 10.473905723 0.000000000 0.000000000 0.000000000 1.000000000
17 0.927740506 0.023482857 0.372486364 1.687222521 -0.016312151 0.999616201 -0.022391172 0.054921283 -0.372869257 0.014697140 0.927767497 10.989229975 0.000000000 0.000000000 0.000000000 1.000000000
18 0.911813919 0.023956743 0.409904175 1.937717328 -0.015920945 0.999608537 -0.023006427 0.047752662 -0.410294919 0.014451515 0.911838392 11.489777347 0.000000000 0.000000000 0.000000000 1.000000000
19 0.892842449 0.023209679 0.449770662 2.240532068 -0.013984332 0.999618372 -0.023823299 0.039205383 -0.450152000 0.014980706 0.892826287 12.027700793 0.000000000 0.000000000 0.000000000 1.000000000
20 0.874203964 0.020061001 0.485144264 2.539600051 -0.009218284 0.999651780 -0.024725345 0.025816060 -0.485471399 0.017142793 0.874084477 12.500981202 0.000000000 0.000000000 0.000000000 1.000000000
21 0.852037563 0.018194261 0.523164341 2.885400377 -0.005698914 0.999658983 -0.025484097 0.010752348 -0.523449658 0.018731934 0.851850693 12.999553812 0.000000000 0.000000000 0.000000000 1.000000000
22 0.829984600 0.019147530 0.557457531 3.217806807 -0.004947791 0.999624041 -0.026968412 0.004788848 -0.557764393 0.019625178 0.829767299 13.444079169 0.000000000 0.000000000 0.000000000 1.000000000
23 0.802883880 0.023717298 0.595663431 3.598244362 -0.008147668 0.999551507 -0.028816666 0.006241355 -0.596079803 0.018283164 0.802717034 13.916729725 0.000000000 0.000000000 0.000000000 1.000000000
24 0.775712459 0.030044521 0.630370891 3.965996569 -0.014184485 0.999443823 -0.030180224 0.013929447 -0.630927117 0.014469685 0.775707192 14.343258199 0.000000000 0.000000000 0.000000000 1.000000000
25 0.746218599 0.032019079 0.664930469 4.361729427 -0.015947763 0.999415782 -0.030228518 0.010719055 -0.665509972 0.011952924 0.746293278 14.753221905 0.000000000 0.000000000 0.000000000 1.000000000
26 0.713703879 0.029559203 0.699823527 4.785447821 -0.015147961 0.999526849 -0.026769699 0.010078278 -0.700283777 0.008504734 0.713813952 15.148719900 0.000000000 0.000000000 0.000000000 1.000000000
27 0.674305743 0.028013355 0.737920695 5.280471288 -0.013538748 0.999581221 -0.025575070 -0.000514992 -0.738328200 0.007254890 0.674402625 15.565219267 0.000000000 0.000000000 0.000000000 1.000000000
28 0.636130193 0.028577031 0.771052307 5.748343988 -0.013153952 0.999570325 -0.026194244 -0.010956647 -0.771469650 0.006520560 0.636232766 15.917574772 0.000000000 0.000000000 0.000000000 1.000000000
29 0.591712523 0.029412994 0.805612245 6.292864681 -0.014034021 0.999558568 -0.026186184 -0.024525922 -0.806026930 0.004188709 0.591864106 16.288033620 0.000000000 0.000000000 0.000000000 1.000000000
30 0.549258337 0.029554861 0.835129755 6.809155941 -0.016310310 0.999563156 -0.024646928 -0.038213104 -0.835493467 -0.000083699 0.549500447 16.604407674 0.000000000 0.000000000 0.000000000 1.000000000
31 0.505691428 0.029931218 0.862194998 7.349364970 -0.018479179 0.999544483 -0.023860993 -0.051509843 -0.862516542 -0.003866359 0.506014183 16.897404655 0.000000000 0.000000000 0.000000000 1.000000000
32 0.460217891 0.028593949 0.887345359 7.909140497 -0.017304760 0.999580238 -0.023235590 -0.060961824 -0.887637387 -0.004661868 0.460519521 17.156569162 0.000000000 0.000000000 0.000000000 1.000000000
33 0.408503777 0.026251613 0.912378989 8.546445019 -0.014980510 0.999644513 -0.022055191 -0.068522222 -0.912633741 -0.004658278 0.408751823 17.410786102 0.000000000 0.000000000 0.000000000 1.000000000
34 0.360980817 0.024213785 0.932258784 9.144214558 -0.012120579 0.999700247 -0.021272245 -0.079510856 -0.932494527 -0.003620648 0.361166098 17.611442215 0.000000000 0.000000000 0.000000000 1.000000000
35 0.309927870 0.022789283 0.950486853 9.819707800 -0.009676480 0.999736518 -0.020814885 -0.091400672 -0.950710885 -0.002746258 0.310066731 17.807660582 0.000000000 0.000000000 0.000000000 1.000000000
36 0.267739220 0.021358462 0.963254596 10.451732535 -0.006698637 0.999771366 -0.020306259 -0.102826088 -0.963468187 -0.001015715 0.267821080 17.958909141 0.000000000 0.000000000 0.000000000 1.000000000
37 0.231132555 0.020227518 0.972711919 11.098341217 -0.002832273 0.999793607 -0.020117692 -0.114146458 -0.972918203 0.001894863 0.231142142 18.090083663 0.000000000 0.000000000 0.000000000 1.000000000
38 0.196454929 0.020209428 0.980304507 11.827655278 0.001401893 0.999780758 -0.020891889 -0.123672793 -0.980511911 0.005478591 0.196383527 18.216656979 0.000000000 0.000000000 0.000000000 1.000000000
39 0.169630512 0.020446860 0.985295540 12.505290469 0.003570234 0.999765436 -0.021361805 -0.129479119 -0.985501322 0.007141344 0.169517724 18.320051044 0.000000000 0.000000000 0.000000000 1.000000000
40 0.146901898 0.020274680 0.988943201 13.200620809 0.003879119 0.999770417 -0.021072880 -0.134933251 -0.989143518 0.006931868 0.146789526 18.416710960 0.000000000 0.000000000 0.000000000 1.000000000
41 0.126842272 0.019833656 0.991724533 13.983651298 0.004964065 0.999774864 -0.020629570 -0.143318758 -0.991910536 0.007539681 0.126715261 18.507322993 0.000000000 0.000000000 0.000000000 1.000000000
42 0.113167082 0.019832479 0.993377959 14.712590823 0.007741911 0.999752812 -0.020841727 -0.142775543 -0.993545867 0.010049235 0.112985568 18.581152618 0.000000000 0.000000000 0.000000000 1.000000000
43 0.104087842 0.020573922 0.994355228 15.459498124 0.011039349 0.999700526 -0.021840112 -0.144690086 -0.994506898 0.013250318 0.103829549 18.647623203 0.000000000 0.000000000 0.000000000 1.000000000
44 0.098159914 0.021020091 0.994948577 16.381289885 0.013478427 0.999657121 -0.022449333 -0.143376203 -0.995079434 0.015613959 0.097842941 18.726264750 0.000000000 0.000000000 0.000000000 1.000000000
45 0.096036549 0.021140975 0.995153217 17.091419145 0.015692781 0.999618009 -0.022750252 -0.148241027 -0.995254155 0.017801570 0.095668104 18.786948012 0.000000000 0.000000000 0.000000000 1.000000000
46 0.094855015 0.021148227 0.995266378 17.896833431 0.017493106 0.999584540 -0.022907191 -0.153197039 -0.995337447 0.019583154 0.094445660 18.854468022 0.000000000 0.000000000 0.000000000 1.000000000
47 0.094481288 0.020783985 0.995309598 18.722088470 0.018181636 0.999579267 -0.022599070 -0.150991878 -0.995360653 0.020231538 0.094063651 18.923882988 0.000000000 0.000000000 0.000000000 1.000000000
48 0.094894322 0.019900552 0.995288360 19.649986265 0.018998749 0.999581864 -0.021797814 -0.151164602 -0.995306099 0.020977715 0.094476559 19.003991146 0.000000000 0.000000000 0.000000000 1.000000000
49 0.095881177 0.019004680 0.995211287 20.512901801 0.019678766 0.999586121 -0.020984131 -0.148700740 -0.995198303 0.021596506 0.095467507 19.076597343 0.000000000 0.000000000 0.000000000 1.000000000
50 0.096671402 0.019763869 0.995120050 21.388946958 0.020419083 0.999553035 -0.021835540 -0.152641410 -0.995106937 0.022430304 0.096224635 19.151868175 0.000000000 0.000000000 0.000000000 1.000000000
51 0.097598825 0.021860179 0.994985671 22.369849884 0.020629196 0.999499504 -0.023982889 -0.155353214 -0.995012071 0.022866449 0.097099020 19.237344794 0.000000000 0.000000000 0.000000000 1.000000000
52 0.098526204 0.022156976 0.994887702 23.279753891 0.021707462 0.999466359 -0.024408698 -0.157237865 -0.994897728 0.024001375 0.097992655 19.319032406 0.000000000 0.000000000 0.000000000 1.000000000
53 0.099631826 0.020095915 0.994821360 24.207000300 0.022304910 0.999499697 -0.022424274 -0.166465779 -0.994774400 0.024423565 0.099133744 19.403873315 0.000000000 0.000000000 0.000000000 1.000000000
54 0.100368205 0.017650625 0.994793729 25.242670719 0.023590804 0.999519322 -0.020114636 -0.171848435 -0.994670706 0.025486846 0.099903569 19.496724493 0.000000000 0.000000000 0.000000000 1.000000000
55 0.101291838 0.018319316 0.994688016 26.195525769 0.022823867 0.999524502 -0.020732615 -0.173111992 -0.994594968 0.024802664 0.100825558 19.584728971 0.000000000 0.000000000 0.000000000 1.000000000
56 0.101961803 0.020422789 0.994578596 27.159744602 0.022885895 0.999476472 -0.022869576 -0.161550551 -0.994525084 0.025093636 0.101441031 19.667700153 0.000000000 0.000000000 0.000000000 1.000000000
57 0.103551678 0.023164578 0.994354231 28.234800782 0.020765582 0.999460499 -0.025446062 -0.161037722 -0.994407339 0.023283319 0.103014787 19.771370653 0.000000000 0.000000000 0.000000000 1.000000000
58 0.105143121 0.024521563 0.994154667 29.224675687 0.018709692 0.999470217 -0.026631445 -0.167118214 -0.994281141 0.021400433 0.104628629 19.870306069 0.000000000 0.000000000 0.000000000 1.000000000
59 0.107326559 0.023142723 0.993954379 30.329407729 0.015752076 0.999563985 -0.024974241 -0.179125930 -0.994099088 0.018337238 0.106915219 19.985978680 0.000000000 0.000000000 0.000000000 1.000000000
60 0.109481092 0.020737792 0.993772468 31.345830961 0.014263890 0.999646616 -0.022431791 -0.189851695 -0.993886587 0.016630912 0.109146603 20.093753137 0.000000000 0.000000000 0.000000000 1.000000000
61 0.111931991 0.018390494 0.993545622 32.367340612 0.012922770 0.999717248 -0.019960605 -0.202521969 -0.993631897 0.015073585 0.111662687 20.203507879 0.000000000 0.000000000 0.000000000 1.000000000
62 0.114673010 0.016562013 0.993265163 33.497386938 0.013391355 0.999744390 -0.018216095 -0.212212476 -0.993313086 0.015390054 0.114421912 20.328592398 0.000000000 0.000000000 0.000000000 1.000000000
63 0.117660496 0.014910082 0.992941882 34.531155661 0.014800683 0.999749887 -0.016766152 -0.220104959 -0.992943635 0.016668925 0.117410389 20.448620928 0.000000000 0.000000000 0.000000000 1.000000000
64 0.120579603 0.015089200 0.992588918 35.567416742 0.015888737 0.999727055 -0.017127882 -0.229272380 -0.992576558 0.017836251 0.120306944 20.571255140 0.000000000 0.000000000 0.000000000 1.000000000
65 0.123946059 0.017611813 0.992132593 36.709641271 0.018544436 0.999626749 -0.020061588 -0.241105693 -0.992115716 0.020885087 0.123573196 20.707739926 0.000000000 0.000000000 0.000000000 1.000000000
66 0.126965902 0.018827835 0.991728318 37.752856070 0.020769015 0.999550180 -0.021635289 -0.252713806 -0.991689681 0.023344157 0.126517756 20.836939530 0.000000000 0.000000000 0.000000000 1.000000000
67 0.129584247 0.016033156 0.991438725 38.805024674 0.019874138 0.999626411 -0.018763185 -0.260566132 -0.991369284 0.022135396 0.129217192 20.976188725 0.000000000 0.000000000 0.000000000 1.000000000
68 0.131927063 0.009248335 0.991216224 39.971781137 0.021519843 0.999694083 -0.012191650 -0.267962300 -0.991025863 0.022939218 0.131687683 21.125090518 0.000000000 0.000000000 0.000000000 1.000000000
69 0.133575714 0.004803304 0.991026913 41.036887296 0.022120786 0.999724667 -0.007827019 -0.270789299 -0.990791761 0.022967786 0.133432685 21.264022873 0.000000000 0.000000000 0.000000000 1.000000000
70 0.134618569 0.005758836 0.990880700 42.100361891 0.022316078 0.999711865 -0.008841973 -0.274945030 -0.990646228 0.023302857 0.134451267 21.402101636 0.000000000 0.000000000 0.000000000 1.000000000
71 0.135646650 0.014997678 0.990643700 43.267152473 0.024138269 0.999538594 -0.018437547 -0.276565260 -0.990463248 0.026413408 0.135222045 21.551411506 0.000000000 0.000000000 0.000000000 1.000000000
72 0.136074548 0.019897986 0.990498699 44.334492096 0.022186235 0.999486337 -0.023126485 -0.287013136 -0.990450202 0.025122355 0.135563191 21.692145786 0.000000000 0.000000000 0.000000000 1.000000000
73 0.136077595 0.019594586 0.990504329 45.519389363 0.020954358 0.999523793 -0.022651773 -0.302071314 -0.990476611 0.023837773 0.135602203 21.844766330 0.000000000 0.000000000 0.000000000 1.000000000
74 0.135436387 0.017065389 0.990639007 46.601992346 0.020319499 0.999593523 -0.019997656 -0.317219881 -0.990577719 0.022837691 0.135034577 21.982673067 0.000000000 0.000000000 0.000000000 1.000000000
75 0.134592375 0.014951441 0.990788187 47.688059737 0.019804192 0.999645852 -0.017775388 -0.328359247 -0.990703185 0.022014184 0.134248610 22.120895213 0.000000000 0.000000000 0.000000000 1.000000000
76 0.133746771 0.015160613 0.990899511 48.885800034 0.020359222 0.999629923 -0.018042181 -0.336636726 -0.990806448 0.022587019 0.133388618 22.270420961 0.000000000 0.000000000 0.000000000 1.000000000
77 0.133230032 0.015768838 0.990959629 49.978086547 0.021081041 0.999602110 -0.018740620 -0.344428990 -0.990860971 0.023387266 0.132844599 22.405071416 0.000000000 0.000000000 0.000000000 1.000000000
78 0.132553126 0.014865147 0.991064368 51.078061005 0.021662377 0.999605257 -0.017890564 -0.350774894 -0.990939214 0.023840252 0.132178789 22.542200056 0.000000000 0.000000000 0.000000000 1.000000000
79 0.131820685 0.013712237 0.991178675 52.296568809 0.022421140 0.999607269 -0.016810720 -0.362237259 -0.991020037 0.024439348 0.131461472 22.692186712 0.000000000 0.000000000 0.000000000 1.000000000
80 0.130966003 0.013571116 0.991293910 53.411700410 0.022291047 0.999613201 -0.016630024 -0.369593656 -0.991136282 0.024274939 0.130612833 22.827683993 0.000000000 0.000000000 0.000000000 1.000000000
81 0.130130932 0.009725593 0.991449060 54.536235741 0.024234421 0.999621949 -0.012986617 -0.373880690 -0.991200660 0.025717146 0.129846043 22.964116393 0.000000000 0.000000000 0.000000000 1.000000000
82 0.129171327 0.002678586 0.991618615 55.784023381 0.027467478 0.999602983 -0.006278157 -0.373919392 -0.991241858 0.028048212 0.129046471 23.113589380 0.000000000 0.000000000 0.000000000 1.000000000
83 0.128579743 -0.000607606 0.991698929 56.923470494 0.030828810 0.999518949 -0.003384747 -0.370134777 -0.991219930 0.031008099 0.128536622 23.248113855 0.000000000 0.000000000 0.000000000 1.000000000
84 0.127665679 -0.000730057 0.991816932 58.068527843 0.036765760 0.999315918 -0.003996879 -0.361379932 -0.991135646 0.036975158 0.127605187 23.380647013 0.000000000 0.000000000 0.000000000 1.000000000
85 0.127906343 0.001008897 0.991785680 59.336284060 0.038736930 0.999231357 -0.006012210 -0.354211209 -0.991029532 0.039187722 0.127768948 23.532528421 0.000000000 0.000000000 0.000000000 1.000000000
86 0.128152295 0.004043714 0.991746199 60.494586013 0.042779697 0.999038393 -0.009601394 -0.346332767 -0.990831470 0.043657032 0.127856076 23.669150935 0.000000000 0.000000000 0.000000000 1.000000000
87 0.128934452 0.008439441 0.991617148 61.776411429 0.041666197 0.999034613 -0.013920198 -0.342784280 -0.990777447 0.043111698 0.128458342 23.826755413 0.000000000 0.000000000 0.000000000 1.000000000
88 0.129611991 0.012053520 0.991491467 62.950357449 0.039435479 0.999072332 -0.017300859 -0.345807234 -0.990780344 0.041342329 0.129016419 23.976136780 0.000000000 0.000000000 0.000000000 1.000000000
89 0.130690347 0.014650107 0.991314931 64.136295546 0.038428779 0.999064545 -0.019830911 -0.351382194 -0.990678241 0.040686721 0.130005108 24.129234179 0.000000000 0.000000000 0.000000000 1.000000000
90 0.131353691 0.014172103 0.991234203 65.449802591 0.035596121 0.999185573 -0.019002823 -0.363980173 -0.990696341 0.037780174 0.130742242 24.298870711 0.000000000 0.000000000 0.000000000 1.000000000
91 0.131997316 0.014607288 0.991142382 66.649275710 0.033353951 0.999259760 -0.019168903 -0.375462631 -0.990688820 0.035588749 0.131412397 24.452271841 0.000000000 0.000000000 0.000000000 1.000000000
92 0.133068623 0.015324281 0.990988291 67.856102943 0.033700353 0.999232308 -0.019977009 -0.387446201 -0.990533766 0.036054959 0.132450035 24.605675452 0.000000000 0.000000000 0.000000000 1.000000000
93 0.134998625 0.018024975 0.990681764 69.191771667 0.035317324 0.999111656 -0.022990994 -0.406510392 -0.990216225 0.038091971 0.134242107 24.775159493 0.000000000 0.000000000 0.000000000 1.000000000
94 0.136563401 0.020403058 0.990421142 70.414560919 0.034854375 0.999069902 -0.025387099 -0.424070454 -0.990018043 0.037987449 0.135725249 24.935495788 0.000000000 0.000000000 0.000000000 1.000000000
95 0.138218762 0.020520232 0.990189062 71.647025870 0.034309522 0.999086044 -0.025493822 -0.439710253 -0.989807327 0.037496628 0.137388398 25.099841738 0.000000000 0.000000000 0.000000000 1.000000000
96 0.139885788 0.018858493 0.989987984 73.014990875 0.031342527 0.999233265 -0.023463329 -0.457662379 -0.989671525 0.034310903 0.139187461 25.290275631 0.000000000 0.000000000 0.000000000 1.000000000
97 0.141253102 0.017275419 0.989822715 74.267444309 0.029134778 0.999342102 -0.021599259 -0.473143745 -0.989544764 0.031889219 0.140656857 25.466651297 0.000000000 0.000000000 0.000000000 1.000000000
98 0.142711737 0.016744900 0.989622581 75.528202237 0.027024921 0.999418174 -0.020807869 -0.488156003 -0.989395335 0.029713991 0.142176175 25.647511721 0.000000000 0.000000000 0.000000000 1.000000000
99 0.144780689 0.016387892 0.989327991 76.925878779 0.026623085 0.999436317 -0.020451427 -0.503818303 -0.989105595 0.029299926 0.144262783 25.846204787 0.000000000 0.000000000 0.000000000 1.000000000
100 0.146610143 0.014393650 0.989089568 78.203963753 0.027041286 0.999462136 -0.018552861 -0.505864662 -0.988824731 0.029466283 0.146142065 26.028158157 0.000000000 0.000000000 0.000000000 1.000000000
101 0.148142926 0.012424745 0.988887852 79.490109291 0.027363672 0.999486752 -0.016657205 -0.511549717 -0.988587385 0.029527241 0.147726907 26.211883981 0.000000000 0.000000000 0.000000000 1.000000000
102 0.150102537 0.011402565 0.988604620 80.912602587 0.027499629 0.999498459 -0.015703564 -0.519429897 -0.988287971 0.029543397 0.149713689 26.418763071 0.000000000 0.000000000 0.000000000 1.000000000
103 0.151701902 0.011744672 0.988356454 82.211122496 0.028389207 0.999465110 -0.016234114 -0.527715421 -0.988018573 0.030521393 0.151287338 26.608972505 0.000000000 0.000000000 0.000000000 1.000000000
104 0.153582010 0.011623333 0.988067482 83.644444101 0.029800456 0.999421500 -0.016388990 -0.535601210 -0.987686495 0.031961907 0.153146783 26.820283540 0.000000000 0.000000000 0.000000000 1.000000000
105 0.155250733 0.010194887 0.987822433 84.950418326 0.030953156 0.999405571 -0.015179177 -0.537772870 -0.987390108 0.032932792 0.154842885 27.014309187 0.000000000 0.000000000 0.000000000 1.000000000
106 0.156877180 0.008983623 0.987577202 86.257300919 0.031170093 0.999415443 -0.014042703 -0.541136727 -0.987126177 0.032985844 0.156505458 27.208315925 0.000000000 0.000000000 0.000000000 1.000000000
107 0.158243252 0.007133057 0.987374335 87.698188665 0.032042937 0.999410123 -0.012355428 -0.539372486 -0.986880153 0.033593528 0.157921345 27.426409406 0.000000000 0.000000000 0.000000000 1.000000000
108 0.159135918 0.005315055 0.987242319 89.010341030 0.031889678 0.999436019 -0.010521079 -0.542610215 -0.986741568 0.033157113 0.158876674 27.630877432 0.000000000 0.000000000 0.000000000 1.000000000
109 0.159873562 0.004078482 0.987129017 90.320778582 0.033078932 0.999407719 -0.009486619 -0.541321059 -0.986583166 0.034169824 0.159643961 27.832939495 0.000000000 0.000000000 0.000000000 1.000000000
110 0.161026543 0.004438887 0.986940036 91.759901575 0.034143800 0.999366242 -0.010065592 -0.540910295 -0.986359350 0.035318702 0.160772932 28.053804011 0.000000000 0.000000000 0.000000000 1.000000000
111 0.161680536 0.005472641 0.986827918 93.068899369 0.035465429 0.999306422 -0.011352455 -0.541147152 -0.986205720 0.036833737 0.161374309 28.253724369 0.000000000 0.000000000 0.000000000 1.000000000
112 0.162311542 0.007440882 0.986711448 94.377517439 0.034761708 0.999307737 -0.013254089 -0.547870836 -0.986127122 0.036451057 0.161940523 28.457504545 0.000000000 0.000000000 0.000000000 1.000000000
113 0.162920972 0.009227150 0.986595917 95.819189222 0.034404894 0.999294993 -0.015027356 -0.555381113 -0.986039134 0.036391990 0.162488653 28.682120673 0.000000000 0.000000000 0.000000000 1.000000000
114 0.163361760 0.009858735 0.986516916 97.130629463 0.033911623 0.999303046 -0.015602096 -0.568886692 -0.985983291 0.036003166 0.162913580 28.891586420 0.000000000 0.000000000 0.000000000 1.000000000
115 0.163852930 0.013703698 0.986389534 98.437617905 0.032794435 0.999275169 -0.019330329 -0.584098280 -0.985939580 0.035515409 0.163284761 29.103084844 0.000000000 0.000000000 0.000000000 1.000000000
116 0.164428577 0.015586635 0.986265778 99.876581840 0.031865880 0.999269311 -0.021104770 -0.609132074 -0.985874192 0.034898445 0.163811750 29.337274576 0.000000000 0.000000000 0.000000000 1.000000000
117 0.164927356 0.014538838 0.986198497 101.186952371 0.029984309 0.999355286 -0.019747244 -0.637587637 -0.985849898 0.032827332 0.164385089 29.555335830 0.000000000 0.000000000 0.000000000 1.000000000
118 0.165304145 0.012391330 0.986164733 102.497674177 0.029674348 0.999405858 -0.017531823 -0.665317783 -0.985796169 0.032161870 0.164838228 29.773844574 0.000000000 0.000000000 0.000000000 1.000000000
119 0.166327698 0.012048495 0.985996864 103.931535659 0.028675221 0.999443359 -0.017050030 -0.688725892 -0.985653561 0.031109561 0.165889621 30.010654347 0.000000000 0.000000000 0.000000000 1.000000000
120 0.167415029 0.013582099 0.985792889 105.229209307 0.028825783 0.999410170 -0.018665140 -0.701207202 -0.985465066 0.031541069 0.166924769 30.221052076 0.000000000 0.000000000 0.000000000 1.000000000
121 0.168685150 0.013855728 0.985572537 106.658846447 0.027100973 0.999457975 -0.018689396 -0.718176275 -0.985297402 0.029862589 0.168218216 30.458124233 0.000000000 0.000000000 0.000000000 1.000000000
122 0.169650649 0.012391028 0.985426307 107.962211086 0.026515071 0.999501584 -0.017132846 -0.730966643 -0.985147563 0.029035239 0.169237545 30.674591830 0.000000000 0.000000000 0.000000000 1.000000000
123 0.170846219 0.008514334 0.985260860 109.270216696 0.025967259 0.999576421 -0.013140825 -0.742075997 -0.984955524 0.027829576 0.170552760 30.893579278 0.000000000 0.000000000 0.000000000 1.000000000
124 0.172446648 0.005923616 0.985000990 110.708079254 0.026828526 0.999582695 -0.010708251 -0.748981390 -0.984653491 0.028272719 0.172215764 31.133872068 0.000000000 0.000000000 0.000000000 1.000000000
125 0.173785063 0.008059685 0.984750567 112.011571114 0.029364076 0.999479465 -0.013362300 -0.751606760 -0.984345781 0.031238450 0.173457938 31.350816629 0.000000000 0.000000000 0.000000000 1.000000000
126 0.175117170 0.008499118 0.984510857 113.319885569 0.031845392 0.999390620 -0.014291989 -0.753101307 -0.984032500 0.033854898 0.174739801 31.571521344 0.000000000 0.000000000 0.000000000 1.000000000
127 0.177106531 0.007403958 0.984163779 114.764389669 0.031061899 0.999431500 -0.013108609 -0.756678689 -0.983701453 0.032891607 0.176775866 31.823964596 0.000000000 0.000000000 0.000000000 1.000000000
128 0.178721163 0.007601458 0.983870342 116.078631095 0.032425934 0.999381452 -0.013611510 -0.761513356 -0.983365353 0.034335571 0.178364132 32.054294075 0.000000000 0.000000000 0.000000000 1.000000000
129 0.180149280 0.007516692 0.983610504 117.393384753 0.030487963 0.999447684 -0.013221625 -0.764095887 -0.983166738 0.032370138 0.179820613 32.291742089 0.000000000 0.000000000 0.000000000 1.000000000
130 0.181772171 0.006655230 0.983318093 118.843575727 0.029732712 0.999482684 -0.012260906 -0.769723500 -0.982891121 0.031465396 0.181480261 32.554233412 0.000000000 0.000000000 0.000000000 1.000000000
131 0.183259523 0.006134283 0.983045373 120.163411044 0.030225778 0.999472596 -0.011871490 -0.765723031 -0.982599849 0.031888866 0.182977459 32.792420405 0.000000000 0.000000000 0.000000000 1.000000000
132 0.184749701 0.005742620 0.982768771 121.492103565 0.031619888 0.999430496 -0.011784174 -0.770201272 -0.982276867 0.033252152 0.184462906 33.036612769 0.000000000 0.000000000 0.000000000 1.000000000
133 0.186271830 0.004874450 0.982486098 122.954359519 0.033088206 0.999389325 -0.011231587 -0.770540593 -0.981940980 0.034600822 0.185996793 33.306071469 0.000000000 0.000000000 0.000000000 1.000000000
134 0.187662886 0.005495391 0.982218066 124.282938754 0.034358308 0.999335653 -0.012155675 -0.770287974 -0.981632447 0.036028510 0.187349402 33.551951927 0.000000000 0.000000000 0.000000000 1.000000000
135 0.189109889 0.009876398 0.981906204 125.613030881 0.033858769 0.999289220 -0.016572266 -0.773371968 -0.981372073 0.036380105 0.188641072 33.799543120 0.000000000 0.000000000 0.000000000 1.000000000
136 0.190232633 0.013783039 0.981642226 127.081289765 0.032883338 0.999250927 -0.020402753 -0.781118556 -0.981188231 0.036160933 0.189636903 34.076646651 0.000000000 0.000000000 0.000000000 1.000000000
137 0.190558260 0.014766831 0.981564760 128.424555157 0.031043142 0.999296148 -0.021060219 -0.793153929 -0.981184990 0.034484044 0.189965728 34.330091237 0.000000000 0.000000000 0.000000000 1.000000000
138 0.191171580 0.015237403 0.981438299 129.911427986 0.028328528 0.999377340 -0.021033956 -0.812520954 -0.981147815 0.031823789 0.190620893 34.612411859 0.000000000 0.000000000 0.000000000 1.000000000
139 0.191809893 0.015477698 0.981309988 131.264471305 0.027267176 0.999405620 -0.021092844 -0.824293489 -0.981053301 0.030803359 0.191273853 34.872362830 0.000000000 0.000000000 0.000000000 1.000000000
140 0.192096084 0.013941732 0.981277030 132.623241255 0.025990198 0.999476101 -0.019288180 -0.837233042 -0.981031965 0.029208760 0.191633098 35.136272665 0.000000000 0.000000000 0.000000000 1.000000000
141 0.192174579 0.014504035 0.981253510 134.120148426 0.022613903 0.999559822 -0.019203471 -0.858844188 -0.981100227 0.025880382 0.191761996 35.432092182 0.000000000 0.000000000 0.000000000 1.000000000
142 0.192560075 0.015252423 0.981166585 135.477495321 0.020194529 0.999605842 -0.019502373 -0.872859179 -0.981077423 0.023569568 0.192176162 35.695449098 0.000000000 0.000000000 0.000000000 1.000000000
143 0.192919313 0.012716855 0.981132156 136.839058796 0.018964806 0.999680901 -0.016686315 -0.887608000 -0.981031389 0.021826085 0.192616582 35.958768693 0.000000000 0.000000000 0.000000000 1.000000000
144 0.193098106 0.007882198 0.981147736 138.337470190 0.018941025 0.999751446 -0.011759411 -0.897649806 -0.980996673 0.020854656 0.192900815 36.248242632 0.000000000 0.000000000 0.000000000 1.000000000
145 0.193489051 0.005156669 0.981088825 139.697620295 0.020261601 0.999751915 -0.009250735 -0.905396762 -0.980893250 0.021668339 0.193336568 36.507671568 0.000000000 0.000000000 0.000000000 1.000000000
146 0.194093517 0.004711225 0.980971660 141.052652029 0.022051913 0.999714823 -0.009164403 -0.913248844 -0.980735200 0.023411045 0.193934276 36.764296211 0.000000000 0.000000000 0.000000000 1.000000000
147 0.194577741 0.005439792 0.980871958 142.539143584 0.024677288 0.999640963 -0.010439175 -0.922666394 -0.980576691 0.026236483 0.194373643 37.044272175 0.000000000 0.000000000 0.000000000 1.000000000
148 0.195026534 0.005620005 0.980781807 143.890671931 0.028592780 0.999525986 -0.011413033 -0.932314897 -0.980381159 0.030269115 0.194773399 37.299164176 0.000000000 0.000000000 0.000000000 1.000000000
149 0.195963457 0.006743984 0.980587951 145.239807496 0.031905753 0.999403059 -0.013249524 -0.946129133 -0.980092067 0.033882810 0.195631307 37.552005433 0.000000000 0.000000000 0.000000000 1.000000000
150 0.197333283 0.009079234 0.980294359 146.722701658 0.033301581 0.999317925 -0.015959039 -0.963766415 -0.979770735 0.035794592 0.196896335 37.834671516 0.000000000 0.000000000 0.000000000 1.000000000
151 0.197623052 0.007241854 0.980251280 148.072785750 0.033956821 0.999322011 -0.014228595 -0.982488590 -0.979689837 0.036098106 0.197243156 38.091553043 0.000000000 0.000000000 0.000000000 1.000000000
152 0.197564874 0.001799369 0.980288106 149.558917415 0.030175865 0.999513257 -0.007916231 -1.000028997 -0.979825316 0.031145002 0.197414414 38.384192295 0.000000000 0.000000000 0.000000000 1.000000000
153 0.197368286 -0.000767174 0.980329056 150.902084772 0.030158744 0.999531125 -0.005289620 -1.005529590 -0.979865461 0.030609488 0.197298883 38.644924240 0.000000000 0.000000000 0.000000000 1.000000000
154 0.198150607 0.001530109 0.980170334 152.238553541 0.030390741 0.999508404 -0.007704073 -1.008853155 -0.979700389 0.031314661 0.198006697 38.899859500 0.000000000 0.000000000 0.000000000 1.000000000
155 0.199309791 0.002824491 0.979932404 153.708874647 0.034894771 0.999341183 -0.009977732 -1.016716689 -0.979315105 0.036183167 0.199079924 39.174752699 0.000000000 0.000000000 0.000000000 1.000000000
156 0.200813938 0.002459397 0.979626256 155.040917615 0.038006731 0.999224403 -0.010299616 -1.019655913 -0.978891906 0.039300688 0.200564715 39.426407846 0.000000000 0.000000000 0.000000000 1.000000000
157 0.203056922 0.005294747 0.979152562 156.367431110 0.038178131 0.999182164 -0.013320452 -1.029204141 -0.978422418 0.040087015 0.202688712 39.684998541 0.000000000 0.000000000 0.000000000 1.000000000
158 0.204839941 0.008435318 0.978759077 157.823394771 0.040972526 0.999012480 -0.017184823 -1.043854362 -0.977937607 0.043622360 0.204292043 39.968808334 0.000000000 0.000000000 0.000000000 1.000000000
159 0.205841965 0.008631472 0.978547122 159.145996994 0.036771479 0.999186671 -0.016548584 -1.062380532 -0.977894195 0.039389008 0.205357157 40.237617875 0.000000000 0.000000000 0.000000000 1.000000000
160 0.207114065 0.008701934 0.978278042 160.465853532 0.033647249 0.999305490 -0.016012536 -1.082064092 -0.977738072 0.036232777 0.206677428 40.501694728 0.000000000 0.000000000 0.000000000 1.000000000
161 0.208651434 0.006033122 0.977971405 161.921303963 0.031341335 0.999426107 -0.012852194 -1.100618482 -0.977487806 0.033332549 0.208342606 40.791682656 0.000000000 0.000000000 0.000000000 1.000000000
162 0.209958737 0.006731745 0.977687015 163.237984561 0.029800691 0.999467620 -0.013281429 -1.119115149 -0.977256036 0.031924292 0.209646350 41.058324877 0.000000000 0.000000000 0.000000000 1.000000000
163 0.211154254 0.010152073 0.977399971 164.679512223 0.028444358 0.999458755 -0.016526223 -1.139957946 -0.977038848 0.031291088 0.210751200 41.356924480 0.000000000 0.000000000 0.000000000 1.000000000
164 0.212010216 0.011182207 0.977203415 165.988288571 0.026556769 0.999499341 -0.017198998 -1.158510165 -0.976906606 0.029597720 0.211607109 41.629921679 0.000000000 0.000000000 0.000000000 1.000000000
165 0.212744099 0.010112315 0.977055565 167.295906138 0.024878603 0.999566208 -0.015762367 -1.178128211 -0.976791234 0.027661120 0.212400233 41.904600489 0.000000000 0.000000000 0.000000000 1.000000000
166 0.213564514 0.010256667 0.976875062 168.729488544 0.024100403 0.999585248 -0.015763949 -1.199276059 -0.976631702 0.026909694 0.213228749 42.206245918 0.000000000 0.000000000 0.000000000 1.000000000
167 0.214215879 0.009722616 0.976737895 170.030408983 0.024713941 0.999576400 -0.015370163 -1.218454687 -0.976473701 0.027431568 0.213884855 42.480269494 0.000000000 0.000000000 0.000000000 1.000000000
168 0.214832277 0.006186463 0.976631306 171.329982686 0.025050294 0.999616046 -0.011842446 -1.232187288 -0.976329702 0.027009033 0.214594820 42.756510450 0.000000000 0.000000000 0.000000000 1.000000000
169 0.215431872 0.000766279 0.976518515 172.757414234 0.025286095 0.999660006 -0.006362862 -1.248160779 -0.976191494 0.026063095 0.215339252 43.056521282 0.000000000 0.000000000 0.000000000 1.000000000
170 0.215610343 -0.000001621 0.976479425 174.050605643 0.026540445 0.999630573 -0.005858574 -1.258945899 -0.976118792 0.027179360 0.215530735 43.329391442 0.000000000 0.000000000 0.000000000 1.000000000
171 0.215605066 0.001996235 0.976478550 175.339961038 0.027028230 0.999602568 -0.008011306 -1.267129140 -0.976106573 0.028119757 0.215465424 43.609974637 0.000000000 0.000000000 0.000000000 1.000000000
172 0.215712503 0.006335294 0.976436310 176.752262628 0.027225050 0.999551176 -0.012499780 -1.276250591 -0.976077366 0.029279877 0.215443209 43.912188628 0.000000000 0.000000000 0.000000000 1.000000000
173 0.215891425 0.009239311 0.976373605 178.036395431 0.027806667 0.999491483 -0.015606565 -1.285308236 -0.976021410 0.030519011 0.215524728 44.185222271 0.000000000 0.000000000 0.000000000 1.000000000
174 0.215968775 0.008427881 0.976363840 179.326237225 0.028302396 0.999488532 -0.014887902 -1.296645011 -0.975990048 0.030848749 0.215619786 44.458909965 0.000000000 0.000000000 0.000000000 1.000000000
175 0.215998267 0.004922421 0.976381281 180.749033834 0.028767874 0.999521074 -0.011403207 -1.307834313 -0.975969912 0.030551478 0.215753214 44.763720675 0.000000000 0.000000000 0.000000000 1.000000000
176 0.216266961 0.003485147 0.976327990 182.045003891 0.029151584 0.999524726 -0.010025339 -1.315661160 -0.975899020 0.030629648 0.216062579 45.040621608 0.000000000 0.000000000 0.000000000 1.000000000
177 0.216276975 0.004083284 0.976323453 183.341677801 0.030005650 0.999491088 -0.010827089 -1.323767445 -0.975870915 0.031636861 0.216044389 45.318042201 0.000000000 0.000000000 0.000000000 1.000000000
178 0.216038498 0.004443566 0.976374677 184.770766876 0.032666352 0.999396933 -0.011776298 -1.332089365 -0.975838300 0.034438723 0.215763058 45.621794030 0.000000000 0.000000000 0.000000000 1.000000000
179 0.216296540 0.005135124 0.976314153 186.072230250 0.033165489 0.999370397 -0.012604012 -1.341338069 -0.975764300 0.035106131 0.215990051 45.899086165 0.000000000 0.000000000 0.000000000 1.000000000
180 0.216654921 0.008910013 0.976207532 187.501322082 0.034695565 0.999256367 -0.016820559 -1.356069916 -0.975631577 0.037514319 0.216184672 46.206746310 0.000000000 0.000000000 0.000000000 1.000000000
181 0.216926391 0.014695871 0.976077282 188.801467361 0.034087359 0.999162863 -0.022619133 -1.378368078 -0.975592694 0.038178574 0.216243852 46.488725280 0.000000000 0.000000000 0.000000000 1.000000000
182 0.217734951 0.017735537 0.975846725 190.238562152 0.030626089 0.999218373 -0.024993730 -1.411881044 -0.975527368 0.035328367 0.217021595 46.808048221 0.000000000 0.000000000 0.000000000 1.000000000
183 0.219321725 0.018034559 0.975485840 191.548798197 0.028051639 0.999299240 -0.024781764 -1.444580646 -0.975249300 0.032799147 0.218662136 47.098925860 0.000000000 0.000000000 0.000000000 1.000000000
184 0.220691411 0.014717379 0.975232582 192.863467143 0.025218878 0.999465749 -0.020790027 -1.480706879 -0.975017651 0.029182443 0.220202352 47.395086758 0.000000000 0.000000000 0.000000000 1.000000000
185 0.221956567 0.011192729 0.974992253 194.178199470 0.024181857 0.999563367 -0.016979795 -1.510947853 -0.974756704 0.027345893 0.221588993 47.689453308 0.000000000 0.000000000 0.000000000 1.000000000
186 0.223706766 0.007611318 0.974626718 195.625321058 0.024476473 0.999610266 -0.013424533 -1.539678640 -0.974349165 0.026858575 0.223433283 48.022184103 0.000000000 0.000000000 0.000000000 1.000000000
187 0.225907042 0.007177615 0.974122363 196.938685050 0.027646038 0.999522844 -0.013776123 -1.563481826 -0.973756549 0.030042738 0.225600818 48.325525855 0.000000000 0.000000000 0.000000000 1.000000000
188 0.228400977 0.008576422 0.973529315 198.248759673 0.029804905 0.999430897 -0.015797176 -1.586800637 -0.973110874 0.032624031 0.228015375 48.630343587 0.000000000 0.000000000 0.000000000 1.000000000
189 0.230834508 0.007709240 0.972962428 199.692219260 0.030634246 0.999415282 -0.015186791 -1.614302089 -0.972510711 0.033311596 0.230463370 48.970484107 0.000000000 0.000000000 0.000000000 1.000000000
190 0.232824698 0.006165581 0.972499118 201.000846405 0.028372797 0.999511181 -0.013129532 -1.637562045 -0.972104806 0.030649391 0.232535956 49.284441912 0.000000000 0.000000000 0.000000000 1.000000000
191 0.234432473 0.003973992 0.972124227 202.444715884 0.027036946 0.999578166 -0.010606316 -1.660539289 -0.971756415 0.028769726 0.234226138 49.633371647 0.000000000 0.000000000 0.000000000 1.000000000
192 0.235462599 0.001632610 0.971881983 203.759586006 0.025599328 0.999641215 -0.007881319 -1.674904580 -0.971546267 0.026735274 0.235336326 49.949140025 0.000000000 0.000000000 0.000000000 1.000000000
193 0.236629743 0.000571767 0.971599674 205.074474741 0.028105116 0.999577336 -0.007433138 -1.682940374 -0.971193378 0.029065815 0.236513660 50.261887750 0.000000000 0.000000000 0.000000000 1.000000000
194 0.238627711 0.002807742 0.971107008 206.515061416 0.033246235 0.999386005 -0.011059022 -1.691874200 -0.970541917 0.034924632 0.238387849 50.605458561 0.000000000 0.000000000 0.000000000 1.000000000
195 0.240843169 0.007079742 0.970538167 207.823072833 0.033268567 0.999325543 -0.015545476 -1.708718338 -0.969993753 0.036032427 0.240445199 50.926057579 0.000000000 0.000000000 0.000000000 1.000000000
196 0.243454536 0.008753447 0.969872752 209.133466326 0.032651960 0.999318508 -0.017215406 -1.729995692 -0.969362599 0.035859406 0.243002808 51.249614271 0.000000000 0.000000000 0.000000000 1.000000000
197 0.245862611 0.003050861 0.969299829 210.589173662 0.028189714 0.999549561 -0.010296387 -1.746977850 -0.968894745 0.029855773 0.245665863 51.619507289 0.000000000 0.000000000 0.000000000 1.000000000
198 0.248050453 -0.000720898 0.968746790 211.910248321 0.027601898 0.999598993 -0.006323692 -1.758752121 -0.968353870 0.028307836 0.247970883 51.954953752 0.000000000 0.000000000 0.000000000 1.000000000
